

  *** spectral analysis of the raw data 
   SSH & Pair at Nishinomote     


 station number =     1   station = nishlp.dat     

    data mean =      0.00291   varience =    199.70409
   mag. of x scaled by     1.00000no.data used =       4359

   sample interval(dt) =   6.00000 hrs
   dt after filtering =    6.00000

   degree of freedom =   37.09149   bandwidth =    0.00071
   kinds of window=     2  no. of the window-weight =        436


  *** spectral analysis of the raw data 
   SSH & Pair at Nishinomote     


 station number =     2   station = Pa36lpdet.dat  

    data mean =     -0.13788   varience =     44.43465
   mag. of x scaled by     1.00000no.data used =       4359

   sample interval(dt) =   6.00000 hrs
   dt after filtering =    6.00000

   degree of freedom =   37.09149   bandwidth =    0.00071
   kinds of window=     2  no. of the window-weight =        436



          autocorrelations 

  lags          autocor11          autocor22
     0       199.70408630        44.43465042
     1       198.75900269        43.54946899
     2       196.23823547        41.82169342
     3       192.75971985        39.39994431
     4       188.93650818        36.76328659
     5       185.22761536        34.30639267
     6       181.93231201        32.24851608
     7       179.14436340        30.63952446
     8       176.75956726        29.42453957
     9       174.65466309        28.51377869
    10       172.81985474        27.82566071
    11       171.26803589        27.29914665
    12       169.91502380        26.89215088
    13       168.66247559        26.57584381
    14       167.50527954        26.32937050
    15       166.46577454        26.13562012
    16       165.49488831        25.97589493
    17       164.53945923        25.82952690
    18       163.62277222        25.67853928
    19       162.77482605        25.51416016
    20       161.95272827        25.34163857
    21       161.12480164        25.17797279
    22       160.34481812        25.04301071
    23       159.66659546        24.94952583
    24       159.05435181        24.89705086
    25       158.45584106        24.87026596
    26       157.87725830        24.84604645
    27       157.31457520        24.80003548
    28       156.68783569        24.71101189
    29       155.93701172        24.56239891
    30       155.09104919        24.34429550
    31       154.19053650        24.05496025
    32       153.21487427        23.70518112
    33       152.17111206        23.31953239
    34       151.15121460        22.93267059
    35       150.23025513        22.58186531
    36       149.39024353        22.29725456
    37       148.60670471        22.09454346
    38       147.91845703        21.97400665
    39       147.34194946        21.92282104
    40       146.80732727        21.92028618
    41       146.26335144        21.94197845
    42       145.74620056        21.96352959
    43       145.28315735        21.96203232
    44       144.82366943        21.91729736
    45       144.33041382        21.81495667
    46       143.84790039        21.64879990
    47       143.39907837        21.42157364
    48       142.92349243        21.14468956
    49       142.38841248        20.83581161
    50       141.86276245        20.51632500
    51       141.41915894        20.21122360
    52       141.04849243        19.94779396
    53       140.75614929        19.75458908
    54       140.61894226        19.65554428
    55       140.67625427        19.66209030
    56       140.85437012        19.76707840
    57       141.07186890        19.94339561
    58       141.32493591        20.15303040
    59       141.60348511        20.35955620
    60       141.83032227        20.53835678
    61       141.95867920        20.67927742
    62       142.04211426        20.77939606
    63       142.11540222        20.83505058
    64       142.11335754        20.83616066
    65       141.97225952        20.76981735
    66       141.71450806        20.62719536
    67       141.36773682        20.40950394
    68       140.89370728        20.12854004
    69       140.28366089        19.80391312
    70       139.62013245        19.45932007
    71       138.97744751        19.11992836
    72       138.34358215        18.81052017
    73       137.70866394        18.55419731
    74       137.13069153        18.36791611
    75       136.64250183        18.25882149
    76       136.18197632        18.22192955
    77       135.68643188        18.24023628
    78       135.16932678        18.28864670
    79       134.63787842        18.33939362
    80       134.03872681        18.36868286
    81       133.34754944        18.36116982
    82       132.62422180        18.31506729
    83       131.92312622        18.24217224
    84       131.22833252        18.16651154
    85       130.53181458        18.11687851
    86       129.88085938        18.11890602
    87       129.29121399        18.18546486
    88       128.70156860        18.31276321
    89       128.07618713        18.48164177
    90       127.45711517        18.66258812
    91       126.87113953        18.82348251
    92       126.27721405        18.93579483
    93       125.64999390        18.97838402
    94       125.02338409        18.93975639
    95       124.39839935        18.82059860
    96       123.71597290        18.63492012
    97       122.96533203        18.40932274
    98       122.21694946        18.17626190
    99       121.51203156        17.96518707
   100       120.81021881        17.79265785
   101       120.09513092        17.65842056
   102       119.41569519        17.55168724
   103       118.79300690        17.46209908
   104       118.18350220        17.39109802
   105       117.59226990        17.35412979
   106       117.10330963        17.37292480
   107       116.75284576        17.46197510
   108       116.47323608        17.61744118
   109       116.20980072        17.81563568
   110       115.97640991        18.02208900
   111       115.75505066        18.20411682
   112       115.45800018        18.34210205
   113       115.05310822        18.43232536
   114       114.61500549        18.48396683
   115       114.20199585        18.51303673
   116       113.78799438        18.53577995
   117       113.36234283        18.56507683
   118       112.98179626        18.60656738
   119       112.66688538        18.65711021
   120       112.34773254        18.70532036
   121       111.97429657        18.73712921
   122       111.58170319        18.74230957
   123       111.19121552        18.71957207
   124       110.75615692        18.67564583
   125       110.25127411        18.61979294
   126       109.72764587        18.55884361
   127       109.21836853        18.49614334
   128       108.69331360        18.43475533
   129       108.14356232        18.38144684
   130       107.62590790        18.34708214
   131       107.17016602        18.34304810
   132       106.73813629        18.37524796
   133       106.31187439        18.44132996
   134       105.93184662        18.53000450
   135       105.60479736        18.62446022
   136       105.27208710        18.70639610
   137       104.90212250        18.76075745
   138       104.52496338        18.77926445
   139       104.14382935        18.76089668
   140       103.70877075        18.71086884
   141       103.20972443        18.63753891
   142       102.69908142        18.54947090
   143       102.19575500        18.45323753
   144       101.66172791        18.35520744
   145       101.10215759        18.26436234
   146       100.58996582        18.19577789
   147       100.16416168        18.16975594
   148        99.80321503        18.20492554
   149        99.51215363        18.30861855
   150        99.33531189        18.46830559
   151        99.24614716        18.65046883
   152        99.13204956        18.80965424
   153        98.91737366        18.90340805
   154        98.60590363        18.90613556
   155        98.19039917        18.81601334
   156        97.63442993        18.65027809
   157        96.96474457        18.43712616
   158        96.27217102        18.20367432
   159        95.59398651        17.97074890
   160        94.88656616        17.74845695
   161        94.14342499        17.53713417
   162        93.42511749        17.32979202
   163        92.75740051        17.11717033
   164        92.10563660        16.89412880
   165        91.47616577        16.66458130
   166        90.93022156        16.44205856
   167        90.47168732        16.24539375
   168        90.02614594        16.08960724
   169        89.55754852        15.98126507
   170        89.10363770        15.91802502
   171        88.67625427        15.89379883
   172        88.23577118        15.90434456
   173        87.79059601        15.94877338
   174        87.41056824        16.02650070
   175        87.11339569        16.13341522
   176        86.83701324        16.25879860
   177        86.54319763        16.38737869
   178        86.25657654        16.50477791
   179        85.96928406        16.60058212
   180        85.62301636        16.66855431
   181        85.20669556        16.70341682
   182        84.77733612        16.69777298
   183        84.35170746        16.64181137
   184        83.88200378        16.52770424
   185        83.35339355        16.35466194
   186        82.81439972        16.13415146
   187        82.28751373        15.88849545
   188        81.74665070        15.64439964
   189        81.20190430        15.42406845
   190        80.70869446        15.23755455
   191        80.27590942        15.08119678
   192        79.85426331        14.94068146
   193        79.42832184        14.79964352
   194        79.03381348        14.64775181
   195        78.67279053        14.48474026
   196        78.30375671        14.32131577
   197        77.92781830        14.17536068
   198        77.59364319        14.06692600
   199        77.30770874        14.01119995
   200        77.02955627        14.01327801
   201        76.75992584        14.06596565
   202        76.53816223        14.15113544
   203        76.35448456        14.24712181
   204        76.15685272        14.33559704
   205        75.94085693        14.40760422
   206        75.74250793        14.46106243
   207        75.54257202        14.49446964
   208        75.27322388        14.49834538
   209        74.91509247        14.45190144
   210        74.49331665        14.32902622
   211        73.98705292        14.11019325
   212        73.34961700        13.79450989
   213        72.61215210        13.40552807
   214        71.86521912        12.98497772
   215        71.14066315        12.57945251
   216        70.41261292        12.22674084
   217        69.70056915        11.94599247
   218        69.06465149        11.73688698
   219        68.50350189        11.58374691
   220        67.95948029        11.46121216
   221        67.42639160        11.34084606
   222        66.94044495        11.19941235
   223        66.47985840        11.02715683
   224        65.97894287        10.83443832
   225        65.44873047        10.65149021
   226        64.97808075        10.51780224
   227        64.61209106        10.46774578
   228        64.32971191        10.51488781
   229        64.13133240        10.64807320
   230        64.04049683        10.83644772
   231        64.00879669        11.04260159
   232        63.92680359        11.23491478
   233        63.73902512        11.39394283
   234        63.46193314        11.51020336
   235        63.09202957        11.57813168
   236        62.59377289        11.59025383
   237        61.97619247        11.53755093
   238        61.29356003        11.41513634
   239        60.56016922        11.22757912
   240        59.75333786        10.99137878
   241        58.90140533        10.73125839
   242        58.07658386        10.47134781
   243        57.30632401        10.22915459
   244        56.56951523        10.01152611
   245        55.87034988         9.81711292
   246        55.22930527         9.64000797
   247        54.61260605         9.47338867
   248        53.95725632         9.31152916
   249        53.25788879         9.15138817
   250        52.55339050         8.99302292
   251        51.84515381         8.83895874
   252        51.11368179         8.69232082
   253        50.39189148         8.55365372
   254        49.73488617         8.41802597
   255        49.13189697         8.27568531
   256        48.53239822         8.11561775
   257        47.93656158         7.93122101
   258        47.37939453         7.72458935
   259        46.85209656         7.50846243
   260        46.32791519         7.30214643
   261        45.84043884         7.12420464
   262        45.44187164         6.98429441
   263        45.10482788         6.87868118
   264        44.75238419         6.79123592
   265        44.35890579         6.70050621
   266        43.93770218         6.58981562
   267        43.46733856         6.45515156
   268        42.92624664         6.30805016
   269        42.37600327         6.17081451
   270        41.91293335         6.06708670
   271        41.55685425         6.01082611
   272        41.26295853         5.99985695
   273        41.01561356         6.01698828
   274        40.81241989         6.03546762
   275        40.59620285         6.02983522
   276        40.30159378         5.98396921
   277        39.94877625         5.89523554
   278        39.60435867         5.77210617
   279        39.26874542         5.62679195
   280        38.89203262         5.46845341
   281        38.46633148         5.29932690
   282        38.01345825         5.11765623
   283        37.51545715         4.92386723
   284        36.94626236         4.72659492
   285        36.35659409         4.54254103
   286        35.83103943         4.39018393
   287        35.38220978         4.28012800
   288        34.96786880         4.20758438
   289        34.58029556         4.15375042
   290        34.23264313         4.09360361
   291        33.88585281         4.00716352
   292        33.48125458         3.88805747
   293        33.02295685         3.74390817
   294        32.55525970         3.59108782
   295        32.07867432         3.44589853
   296        31.57415771         3.31829047
   297        31.07576370         3.21161580
   298        30.64322090         3.12542605
   299        30.28027916         3.06108761
   300        29.95812988         3.02218151
   301        29.68208313         3.01252341
   302        29.46140289         3.03122211
   303        29.24445534         3.06846690
   304        28.95910835         3.10552740
   305        28.59655380         3.11919165
   306        28.18384171         3.08847785
   307        27.71616554         3.00116611
   308        27.18121147         2.85608768
   309        26.60701370         2.66226888
   310        26.01775551         2.43499923
   311        25.37738037         2.18990397
   312        24.64928436         1.94042122
   313        23.87126350         1.69661462
   314        23.10482216         1.46859920
   315        22.35835648         1.26910698
   316        21.62709236         1.11418426
   317        20.95399857         1.01919627
   318        20.37999916         0.99189311
   319        19.87874031         1.02837765
   320        19.41080475         1.11194408
   321        18.98862457         1.21837592
   322        18.61504936         1.32135105
   323        18.21978951         1.39743638
   324        17.73380280         1.42916358
   325        17.17879677         1.40709817
   326        16.60928726         1.33201444
   327        16.02385521         1.21464109
   328        15.40411186         1.07376182
   329        14.78588676         0.92931557
   330        14.20298767         0.79507154
   331        13.61413383         0.67289776
   332        12.96454620         0.55379397
   333        12.27027512         0.42329773
   334        11.56417084         0.26919121
   335        10.81453896         0.08724468
   336         9.97839642        -0.11785471
   337         9.08881474        -0.33478433
   338         8.20945358        -0.55061060
   339         7.35025740        -0.75463128
   340         6.50169802        -0.94057769
   341         5.70189333        -1.10635900
   342         4.98743582        -1.25257158
   343         4.32253170        -1.38100135
   344         3.65415788        -1.49286675
   345         2.99666905        -1.58632898
   346         2.39703870        -1.65555871
   347         1.85901713        -1.69174814
   348         1.36816943        -1.68553138
   349         0.94172180        -1.63131225
   350         0.58645612        -1.52981293
   351         0.24901102        -1.38814425
   352        -0.12163745        -1.21830904
   353        -0.50996321        -1.03575063
   354        -0.88288265        -0.85823166
   355        -1.25717318        -0.70548606
   356        -1.66165960        -0.59811163
   357        -2.08914971        -0.55320936
   358        -2.54297066        -0.58024246
   359        -3.07584023        -0.67673045
   360        -3.72453928        -0.82837254
   361        -4.45821714        -1.01254189
   362        -5.23817205        -1.20243716
   363        -6.06852579        -1.37176561
   364        -6.93265820        -1.49792707
   365        -7.74756241        -1.56408930
   366        -8.43794918        -1.56113696
   367        -9.00011826        -1.48842943
   368        -9.44465828        -1.35507166
   369        -9.74677277        -1.17692637
   370        -9.91082859        -0.97541016
   371       -10.01522827        -0.77527863
   372       -10.13603783        -0.60401875
   373       -10.28973007        -0.49052292
   374       -10.49956989        -0.46240667
   375       -10.84520721        -0.54128867
   376       -11.38421917        -0.73731822
   377       -12.08840561        -1.04458439
   378       -12.90753365        -1.43840086
   379       -13.82272243        -1.87675500
   380       -14.77902985        -2.30631375
   381       -15.64421463        -2.67217350
   382       -16.30256462        -2.93201303
   383       -16.73803711        -3.06700563
   384       -16.98051834        -3.08767438
   385       -17.04883194        -3.02813363
   386       -17.00039864        -2.93276143
   387       -16.95570564        -2.84175682
   388       -16.99914360        -2.78101921
   389       -17.11087799        -2.76140475
   390       -17.25016212        -2.78305984
   391       -17.43504906        -2.84260392
   392       -17.69020081        -2.93620300
   393       -17.99079323        -3.05964446
   394       -18.31843185        -3.20671964
   395       -18.70357132        -3.36829376
   396       -19.15287781        -3.53455877
   397       -19.60283279        -3.69756484
   398       -20.00074768        -3.85332251
   399       -20.37077141        -4.00329494
   400       -20.74898148        -4.15311337
   401       -21.12486076        -4.31167555
   402       -21.49470520        -4.48892546
   403       -21.90471268        -4.69296169
   404       -22.38463211        -4.92823839
   405       -22.90144157        -5.19375849
   406       -23.42682266        -5.48388910
   407       -23.98698425        -5.78919983
   408       -24.59859848        -6.09713030
   409       -25.22036934        -6.39134502
   410       -25.81002617        -6.65004444
   411       -26.36234856        -6.84686852
   412       -26.85179138        -6.95553541
   413       -27.20939636        -6.95703506
   414       -27.40617371        -6.84882116
   415       -27.49732971        -6.65030622
   416       -27.55230331        -6.40163660
   417       -27.60682487        -6.15603685
   418       -27.70906258        -5.96705294
   419       -27.93172073        -5.87548351
   420       -28.29401779        -5.90058279
   421       -28.74146652        -6.03625870
   422       -29.23288155        -6.25613832
   423       -29.77700233        -6.52276897
   424       -30.35798454        -6.79870844
   425       -30.91023636        -7.05407810
   426       -31.39941025        -7.27078056
   427       -31.84777260        -7.44208145
   428       -32.25095367        -7.56916380
   429       -32.55656815        -7.65867138
   430       -32.75454330        -7.71885777
   431       -32.90520096        -7.75720024
   432       -33.04335403        -7.77769852
   433       -33.14163971        -7.78166389
   434       -33.20072174        -7.76772022
   435       -33.28087616        -7.73431492
   436       -33.40817261        -7.67958879



          power spectrums 

  no.      freq1  period  p-spect11  freq2  period  p-spect22
    0   0.0000            482509.03125                    77136.81250
    1   0.0002 5232.000   369767.43750 0.0002 5232.000    58247.21484
    2   0.0004 2616.000   167396.45312 0.0004 2616.000    24610.08984
    3   0.0006 1744.000    53154.19922 0.0006 1744.000     7571.68457
    4   0.0008 1308.000    23634.57422 0.0008 1308.000     6258.05957
    5   0.0010 1046.400    15783.19922 0.0010 1046.400     6937.37207
    6   0.0011  872.000    11777.44922 0.0011  872.000     5991.73926
    7   0.0013  747.429     9874.88672 0.0013  747.429     4583.98926
    8   0.0015  654.000     9498.57422 0.0015  654.000     3351.90332
    9   0.0017  581.333     9216.94922 0.0017  581.333     2636.79004
   10   0.0019  523.200     9056.91797 0.0019  523.200     2442.08301
   11   0.0021  475.636     9655.41797 0.0021  475.636     2507.52051
   12   0.0023  436.000     9300.24609 0.0023  436.000     2532.45215
   13   0.0025  402.462     7660.51172 0.0025  402.462     2458.54785
   14   0.0027  373.714     5908.93359 0.0027  373.714     2249.36230
   15   0.0029  348.800     4391.12109 0.0029  348.800     1865.38574
   16   0.0031  327.000     3135.26953 0.0031  327.000     1660.82324
   17   0.0032  307.765     2410.37085 0.0032  307.765     1756.81738
   18   0.0034  290.667     2105.70679 0.0034  290.667     1789.28125
   19   0.0036  275.368     1920.31616 0.0036  275.368     1543.46875
   20   0.0038  261.600     2034.59741 0.0038  261.600     1334.84277
   21   0.0040  249.143     2639.92944 0.0040  249.143     1447.45410
   22   0.0042  237.818     3096.28125 0.0042  237.818     1546.06445
   23   0.0044  227.478     3018.51538 0.0044  227.478     1481.04297
   24   0.0046  218.000     2953.17163 0.0046  218.000     1499.08691
   25   0.0048  209.280     3073.17188 0.0048  209.280     1565.06934
   26   0.0050  201.231     3003.89038 0.0050  201.231     1551.30713
   27   0.0052  193.778     2878.89819 0.0052  193.778     1652.41211
   28   0.0054  186.857     3067.03101 0.0054  186.857     1998.37891
   29   0.0055  180.414     3078.08203 0.0055  180.414     2080.51709
   30   0.0057  174.400     2405.80054 0.0057  174.400     1543.90381
   31   0.0059  168.774     1681.30640 0.0059  168.774      976.44965
   32   0.0061  163.500     1527.69116 0.0061  163.500      897.04193
   33   0.0063  158.545     1708.78687 0.0063  158.545     1062.22510
   34   0.0065  153.882     1671.07007 0.0065  153.882     1041.93555
   35   0.0067  149.486     1377.46265 0.0067  149.486      863.26996
   36   0.0069  145.333     1417.40015 0.0069  145.333      989.39667
   37   0.0071  141.405     1779.65601 0.0071  141.405     1407.64404
   38   0.0073  137.684     1885.83374 0.0073  137.684     1570.69360
   39   0.0075  134.154     1754.63647 0.0075  134.154     1412.46631
   40   0.0076  130.800     1577.14429 0.0076  130.800     1186.50317
   41   0.0078  127.610     1376.02710 0.0078  127.610      993.90326
   42   0.0080  124.571     1220.57788 0.0080  124.571      879.30560
   43   0.0082  121.674     1155.09937 0.0082  121.674      847.10101
   44   0.0084  118.909     1161.51245 0.0084  118.909      848.78192
   45   0.0086  116.267     1056.44214 0.0086  116.267      759.80518
   46   0.0088  113.739      789.26349 0.0088  113.739      576.03101
   47   0.0090  111.319      560.58673 0.0090  111.319      427.71338
   48   0.0092  109.000      519.27521 0.0092  109.000      370.72363
   49   0.0094  106.776      592.20685 0.0094  106.776      372.68433
   50   0.0096  104.640      671.41095 0.0096  104.640      437.60327
   51   0.0097  102.588      741.15802 0.0097  102.588      536.32642
   52   0.0099  100.615      772.88068 0.0099  100.615      579.39355
   53   0.0101   98.717      824.64240 0.0101   98.717      651.64294
   54   0.0103   96.889      922.38263 0.0103   96.889      778.86017
   55   0.0105   95.127     1033.15112 0.0105   95.127      851.56512
   56   0.0107   93.429     1065.45679 0.0107   93.429      846.83698
   57   0.0109   91.789      913.17755 0.0109   91.789      757.49695
   58   0.0111   90.207      715.32990 0.0111   90.207      633.74951
   59   0.0113   88.678      596.09454 0.0113   88.678      508.36438
   60   0.0115   87.200      527.73175 0.0115   87.200      388.71155
   61   0.0117   85.770      556.34747 0.0117   85.770      380.09937
   62   0.0119   84.387      679.13654 0.0119   84.387      491.52893
   63   0.0120   83.048      669.56964 0.0120   83.048      531.49683
   64   0.0122   81.750      491.16339 0.0122   81.750      432.71143
   65   0.0124   80.492      395.91046 0.0124   80.492      350.71423
   66   0.0126   79.273      426.84650 0.0126   79.273      344.17480
   67   0.0128   78.090      451.13507 0.0128   78.090      339.77515
   68   0.0130   76.941      412.06329 0.0130   76.941      296.15137
   69   0.0132   75.826      360.79376 0.0132   75.826      244.05675
   70   0.0134   74.743      337.92169 0.0134   74.743      219.47557
   71   0.0136   73.690      312.05841 0.0136   73.690      205.80455
   72   0.0138   72.667      278.39923 0.0138   72.667      193.75218
   73   0.0140   71.671      263.76251 0.0140   71.671      208.38927
   74   0.0141   70.703      275.13116 0.0141   70.703      252.30492
   75   0.0143   69.760      273.62384 0.0143   69.760      277.25671
   76   0.0145   68.842      256.35333 0.0145   68.842      254.03307
   77   0.0147   67.948      275.68195 0.0147   67.948      228.24815
   78   0.0149   67.077      306.20197 0.0149   67.077      225.83885
   79   0.0151   66.228      278.43732 0.0151   66.228      203.97899
   80   0.0153   65.400      214.31671 0.0153   65.400      160.74174
   81   0.0155   64.593      171.44220 0.0155   64.593      137.03362
   82   0.0157   63.805      154.84625 0.0157   63.805      135.23314
   83   0.0159   63.036      157.33282 0.0159   63.036      145.56798
   84   0.0161   62.286      176.30035 0.0161   62.286      171.61784
   85   0.0162   61.553      212.40289 0.0162   61.553      207.57097
   86   0.0164   60.837      241.18121 0.0164   60.837      215.79753
   87   0.0166   60.138      229.80157 0.0166   60.138      177.36443
   88   0.0168   59.455      209.88263 0.0168   59.455      136.24919
   89   0.0170   58.787      206.50031 0.0170   58.787      128.07317
   90   0.0172   58.133      203.17877 0.0172   58.133      140.74919
   91   0.0174   57.495      201.78717 0.0174   57.495      143.46007
   92   0.0176   56.870      191.18024 0.0176   56.870      123.80699
   93   0.0178   56.258      159.89777 0.0178   56.258      108.37651
   94   0.0180   55.660      135.65021 0.0180   55.660      116.74352
   95   0.0182   55.074      118.65875 0.0182   55.074      119.74278
   96   0.0183   54.500       96.63263 0.0183   54.500       96.63341
   97   0.0185   53.938       89.39777 0.0185   53.938       75.10643
   98   0.0187   53.388       92.92731 0.0187   53.388       73.78587
   99   0.0189   52.848       83.32892 0.0189   52.848       73.45757
  100   0.0191   52.320       78.13898 0.0191   52.320       67.79210
  101   0.0193   51.802      102.19318 0.0193   51.802       78.68285
  102   0.0195   51.294      120.31989 0.0195   51.294       96.32671
  103   0.0197   50.796      105.22247 0.0197   50.796       89.51866
  104   0.0199   50.308       83.67975 0.0199   50.308       67.78697
  105   0.0201   49.829       69.56305 0.0201   49.829       53.60472
  106   0.0203   49.358       62.88849 0.0203   49.358       50.52205
  107   0.0205   48.897       74.95074 0.0205   48.897       57.69209
  108   0.0206   48.444       95.31720 0.0206   48.444       64.84731
  109   0.0208   48.000       90.23016 0.0208   48.000       58.77974
  110   0.0210   47.564       65.36737 0.0210   47.564       46.69771
  111   0.0212   47.135       54.33087 0.0212   47.135       39.49947
  112   0.0214   46.714       54.35651 0.0214   46.714       34.97731
  113   0.0216   46.301       49.98944 0.0216   46.301       32.38362
  114   0.0218   45.895       43.24493 0.0218   45.895       31.23820
  115   0.0220   45.496       38.18573 0.0220   45.496       29.23045
  116   0.0222   45.103       40.00031 0.0222   45.103       30.52812
  117   0.0224   44.718       49.64960 0.0224   44.718       34.81407
  118   0.0226   44.339       55.64813 0.0226   44.339       34.55296
  119   0.0227   43.966       54.94098 0.0227   43.966       31.71483
  120   0.0229   43.600       51.98712 0.0229   43.600       30.32634
  121   0.0231   43.240       43.58954 0.0231   43.240       26.65205
  122   0.0233   42.885       32.83978 0.0233   42.885       21.00829
  123   0.0235   42.537       31.28998 0.0235   42.537       17.61159
  124   0.0237   42.194       34.92792 0.0237   42.194       16.73964
  125   0.0239   41.856       33.00861 0.0239   41.856       16.44914
  126   0.0241   41.524       30.93475 0.0241   41.524       16.34953
  127   0.0243   41.197       31.52545 0.0243   41.197       17.53871
  128   0.0245   40.875       30.81903 0.0245   40.875       18.69365
  129   0.0247   40.558       29.10626 0.0247   40.558       16.51881
  130   0.0248   40.246       26.92584 0.0248   40.246       13.07661
  131   0.0250   39.939       26.65192 0.0250   39.939       13.62749
  132   0.0252   39.636       26.61859 0.0252   39.636       16.65276
  133   0.0254   39.338       23.43073 0.0254   39.338       17.12920
  134   0.0256   39.045       21.12836 0.0256   39.045       15.63199
  135   0.0258   38.756       21.78278 0.0258   38.756       16.01976
  136   0.0260   38.471       22.71478 0.0260   38.471       17.64088
  137   0.0262   38.190       21.48267 0.0262   38.190       16.77168
  138   0.0264   37.913       17.73633 0.0264   37.913       13.36702
  139   0.0266   37.640       14.90387 0.0266   37.640        9.90060
  140   0.0268   37.371       13.76770 0.0268   37.371        7.86456
  141   0.0269   37.106       12.39478 0.0269   37.106        7.62547
  142   0.0271   36.845       11.38129 0.0271   36.845        8.43851
  143   0.0273   36.587       10.85449 0.0273   36.587        9.37051
  144   0.0275   36.333       10.77686 0.0275   36.333        9.58768
  145   0.0277   36.083       11.43604 0.0277   36.083        8.52443
  146   0.0279   35.836       11.36023 0.0279   35.836        7.27002
  147   0.0281   35.592       10.18359 0.0281   35.592        6.93233
  148   0.0283   35.351        9.20160 0.0283   35.351        7.13438
  149   0.0285   35.114        7.78235 0.0285   35.114        7.25262
  150   0.0287   34.880        5.83228 0.0287   34.880        6.89960
  151   0.0289   34.649        4.91565 0.0289   34.649        6.26125
  152   0.0291   34.421        4.50568 0.0291   34.421        5.76068
  153   0.0292   34.196        3.85034 0.0292   34.196        5.37465
  154   0.0294   33.974        3.30505 0.0294   33.974        4.93520
  155   0.0296   33.755        3.06445 0.0296   33.755        4.52252
  156   0.0298   33.538        3.17413 0.0298   33.538        4.37032
  157   0.0300   33.325        3.19464 0.0300   33.325        4.46718
  158   0.0302   33.114        3.11243 0.0302   33.114        4.57599
  159   0.0304   32.906        3.28949 0.0304   32.906        4.56281
  160   0.0306   32.700        3.29590 0.0306   32.700        4.46095
  161   0.0308   32.497        2.78375 0.0308   32.497        4.25194
  162   0.0310   32.296        2.21997 0.0310   32.296        4.04677
  163   0.0312   32.098        2.11670 0.0312   32.098        4.06984
  164   0.0313   31.902        2.33112 0.0313   31.902        4.17348
  165   0.0315   31.709        2.28790 0.0315   31.709        4.11310
  166   0.0317   31.518        1.85413 0.0317   31.518        3.92422
  167   0.0319   31.329        1.44452 0.0319   31.329        3.73846
  168   0.0321   31.143        1.28229 0.0321   31.143        3.61977
  169   0.0323   30.959        1.20300 0.0323   30.959        3.54442
  170   0.0325   30.776        1.08087 0.0325   30.776        3.50569
  171   0.0327   30.596        1.01221 0.0327   30.596        3.53540
  172   0.0329   30.419        1.00507 0.0329   30.419        3.55861
  173   0.0331   30.243        0.90948 0.0331   30.243        3.49768
  174   0.0333   30.069        0.73590 0.0333   30.069        3.41428
  175   0.0334   29.897        0.60114 0.0334   29.897        3.37317
  176   0.0336   29.727        0.52716 0.0336   29.727        3.36191
  177   0.0338   29.559        0.51471 0.0338   29.559        3.35271
  178   0.0340   29.393        0.57733 0.0340   29.393        3.33957
  179   0.0342   29.229        0.73627 0.0342   29.229        3.32680
  180   0.0344   29.067        0.85382 0.0344   29.067        3.29778
  181   0.0346   28.906        0.74542 0.0346   28.906        3.24911
  182   0.0348   28.747        0.54840 0.0348   28.747        3.20668
  183   0.0350   28.590        0.45245 0.0350   28.590        3.18416
  184   0.0352   28.435        0.42279 0.0352   28.435        3.18127
  185   0.0354   28.281        0.47223 0.0354   28.281        3.19199
  186   0.0356   28.129        0.71301 0.0356   28.129        3.20036
  187   0.0357   27.979        1.01971 0.0357   27.979        3.19757
  188   0.0359   27.830        1.01349 0.0359   27.830        3.19025
  189   0.0361   27.683        0.69598 0.0361   27.683        3.18480
  190   0.0363   27.537        0.45374 0.0363   27.537        3.18027
  191   0.0365   27.393        0.42444 0.0365   27.393        3.18178
  192   0.0367   27.250        0.51599 0.0367   27.250        3.18526
  193   0.0369   27.109        1.00818 0.0369   27.109        3.18086
  194   0.0371   26.969        1.97534 0.0371   26.969        3.17267
  195   0.0373   26.831        2.23407 0.0373   26.831        3.16791
  196   0.0375   26.694        1.33832 0.0375   26.694        3.16475
  197   0.0377   26.558        0.55151 0.0377   26.558        3.16109
  198   0.0378   26.424        0.36145 0.0378   26.424        3.15985
  199   0.0380   26.291        0.36804 0.0380   26.291        3.16580
  200   0.0382   26.160        0.57880 0.0382   26.160        3.16837
  201   0.0384   26.030        2.08301 0.0384   26.030        3.16187
  202   0.0386   25.901        4.83655 0.0386   25.901        3.15880
  203   0.0388   25.773        5.30383 0.0388   25.773        3.15738
  204   0.0390   25.647        2.73505 0.0390   25.647        3.15248
  205   0.0392   25.522        0.78900 0.0392   25.522        3.15285
  206   0.0394   25.398        0.42975 0.0394   25.398        3.15395
  207   0.0396   25.275        0.42554 0.0396   25.275        3.14786
  208   0.0398   25.154        0.42371 0.0398   25.154        3.14049
  209   0.0399   25.033        0.44623 0.0399   25.033        3.13742
  210   0.0401   24.914        0.53851 0.0401   24.914        3.14145
  211   0.0403   24.796        0.63739 0.0403   24.796        3.15074
  212   0.0405   24.679        0.67310 0.0405   24.679        3.15697
  213   0.0407   24.563        0.71960 0.0407   24.563        3.15143
  214   0.0409   24.449        0.75696 0.0409   24.449        3.13943
  215   0.0411   24.335        1.31451 0.0411   24.335        3.13545
  216   0.0413   24.222        4.75470 0.0413   24.222        3.14232
  217   0.0415   24.111       17.45728 0.0415   24.111        3.15147
  218   0.0417   24.000       35.18152 0.0417   24.000        3.15056
  219   0.0419   23.890       34.82007 0.0419   23.890        3.13440
  220   0.0420   23.782       15.76611 0.0420   23.782        3.11961
  221   0.0422   23.674        2.65503 0.0422   23.674        3.12035
  222   0.0424   23.568        0.24060 0.0424   23.568        3.12721
  223   0.0426   23.462        0.17230 0.0426   23.462        3.12643
  224   0.0428   23.357        0.21863 0.0428   23.357        3.11815
  225   0.0430   23.253        0.19922 0.0430   23.253        3.11234
  226   0.0432   23.150        0.18329 0.0432   23.150        3.11279
  227   0.0434   23.048        0.20673 0.0434   23.048        3.11234
  228   0.0436   22.947        0.21405 0.0436   22.947        3.10872
  229   0.0438   22.847        0.20068 0.0438   22.847        3.10789
  230   0.0440   22.748        0.19226 0.0440   22.748        3.11234
  231   0.0442   22.649        0.20911 0.0442   22.649        3.12241
  232   0.0443   22.552        0.21808 0.0443   22.552        3.13133
  233   0.0445   22.455        0.20123 0.0445   22.455        3.12790
  234   0.0447   22.359        0.18439 0.0447   22.359        3.11655
  235   0.0449   22.264        0.18164 0.0449   22.264        3.11133
  236   0.0451   22.169        0.17249 0.0451   22.169        3.11591
  237   0.0453   22.076        0.16077 0.0453   22.076        3.12099
  238   0.0455   21.983        0.16132 0.0455   21.983        3.11856
  239   0.0457   21.891        0.16571 0.0457   21.891        3.11650
  240   0.0459   21.800        0.16315 0.0459   21.800        3.12259
  241   0.0461   21.710        0.16205 0.0461   21.710        3.12914
  242   0.0463   21.620        0.16772 0.0463   21.620        3.12840
  243   0.0464   21.531        0.17010 0.0464   21.531        3.12662
  244   0.0466   21.443        0.16077 0.0466   21.443        3.12666
  245   0.0468   21.355        0.14960 0.0468   21.355        3.12286
  246   0.0470   21.268        0.14868 0.0470   21.268        3.11650
  247   0.0472   21.182        0.15729 0.0472   21.182        3.11261
  248   0.0474   21.097        0.15765 0.0474   21.097        3.11128
  249   0.0476   21.012        0.14886 0.0476   21.012        3.11238
  250   0.0478   20.928        0.14667 0.0478   20.928        3.11421
  251   0.0480   20.845        0.15619 0.0480   20.845        3.11220
  252   0.0482   20.762        0.16187 0.0482   20.762        3.10506
  253   0.0484   20.680        0.15070 0.0484   20.680        3.09984
  254   0.0485   20.598        0.14374 0.0485   20.598        3.09947
  255   0.0487   20.518        0.15015 0.0487   20.518        3.10025
  256   0.0489   20.438        0.17029 0.0489   20.438        3.10254
  257   0.0491   20.358        0.19135 0.0491   20.358        3.10854
  258   0.0493   20.279        0.19940 0.0493   20.279        3.11440
  259   0.0495   20.201        0.18439 0.0495   20.201        3.11710
  260   0.0497   20.123        0.16315 0.0497   20.123        3.11714
  261   0.0499   20.046        0.15216 0.0499   20.046        3.11407
  262   0.0501   19.969        0.14740 0.0501   19.969        3.10648
  263   0.0503   19.894        0.14154 0.0503   19.894        3.10139
  264   0.0505   19.818        0.14575 0.0505   19.818        3.09920
  265   0.0506   19.743        0.16681 0.0506   19.743        3.09297
  266   0.0508   19.669        0.18530 0.0508   19.669        3.08784
  267   0.0510   19.596        0.18091 0.0510   19.596        3.08990
  268   0.0512   19.522        0.16333 0.0512   19.522        3.09288
  269   0.0514   19.450        0.14337 0.0514   19.450        3.09462
  270   0.0516   19.378        0.13715 0.0516   19.378        3.09741
  271   0.0518   19.306        0.14594 0.0518   19.306        3.10020
  272   0.0520   19.235        0.15454 0.0520   19.235        3.10085
  273   0.0522   19.165        0.15344 0.0522   19.165        3.09714
  274   0.0524   19.095        0.16058 0.0524   19.095        3.09041
  275   0.0526   19.025        0.19336 0.0526   19.025        3.08693
  276   0.0528   18.957        0.23016 0.0528   18.957        3.09132
  277   0.0529   18.888        0.22412 0.0529   18.888        3.09979
  278   0.0531   18.820        0.18219 0.0531   18.820        3.10378
  279   0.0533   18.753        0.14740 0.0533   18.753        3.10245
  280   0.0535   18.686        0.13641 0.0535   18.686        3.10561
  281   0.0537   18.619        0.13385 0.0537   18.619        3.11275
  282   0.0539   18.553        0.13898 0.0539   18.553        3.11504
  283   0.0541   18.488        0.14960 0.0541   18.488        3.11064
  284   0.0543   18.423        0.16168 0.0543   18.423        3.10657
  285   0.0545   18.358        0.17084 0.0545   18.358        3.10570
  286   0.0547   18.294        0.17267 0.0547   18.294        3.10304
  287   0.0549   18.230        0.17303 0.0549   18.230        3.09929
  288   0.0550   18.167        0.18658 0.0550   18.167        3.09631
  289   0.0552   18.104        0.19336 0.0552   18.104        3.09302
  290   0.0554   18.041        0.18549 0.0554   18.041        3.08835
  291   0.0556   17.979        0.17120 0.0556   17.979        3.08665
  292   0.0558   17.918        0.15839 0.0558   17.918        3.08899
  293   0.0560   17.857        0.14319 0.0560   17.857        3.09027
  294   0.0562   17.796        0.13348 0.0562   17.796        3.08684
  295   0.0564   17.736        0.12469 0.0564   17.736        3.08240
  296   0.0566   17.676        0.11664 0.0566   17.676        3.08089
  297   0.0568   17.616        0.12195 0.0568   17.616        3.08002
  298   0.0570   17.557        0.14612 0.0570   17.557        3.07452
  299   0.0571   17.498        0.15656 0.0571   17.498        3.07027
  300   0.0573   17.440        0.15253 0.0573   17.440        3.07224
  301   0.0575   17.382        0.15546 0.0575   17.382        3.07809
  302   0.0577   17.325        0.16058 0.0577   17.325        3.08258
  303   0.0579   17.267        0.15656 0.0579   17.267        3.07988
  304   0.0581   17.211        0.15289 0.0581   17.211        3.07375
  305   0.0583   17.154        0.16443 0.0583   17.154        3.07430
  306   0.0585   17.098        0.17780 0.0585   17.098        3.08249
  307   0.0587   17.042        0.16516 0.0587   17.042        3.08675
  308   0.0589   16.987        0.14154 0.0589   16.987        3.08464
  309   0.0591   16.932        0.14227 0.0591   16.932        3.08244
  310   0.0593   16.877        0.16882 0.0593   16.877        3.08098
  311   0.0594   16.823        0.19098 0.0594   16.823        3.07997
  312   0.0596   16.769        0.18146 0.0596   16.769        3.08171
  313   0.0598   16.716        0.15363 0.0598   16.716        3.08638
  314   0.0600   16.662        0.12689 0.0600   16.662        3.08803
  315   0.0602   16.610        0.11792 0.0602   16.610        3.08350
  316   0.0604   16.557        0.13165 0.0604   16.557        3.08107
  317   0.0606   16.505        0.14520 0.0606   16.505        3.08643
  318   0.0608   16.453        0.15106 0.0608   16.453        3.09096
  319   0.0610   16.401        0.15948 0.0610   16.401        3.08798
  320   0.0612   16.350        0.17706 0.0612   16.350        3.08620
  321   0.0614   16.299        0.19043 0.0614   16.299        3.09343
  322   0.0615   16.248        0.19171 0.0615   16.248        3.10075
  323   0.0617   16.198        0.16791 0.0617   16.198        3.09563
  324   0.0619   16.148        0.13733 0.0619   16.148        3.08720
  325   0.0621   16.098        0.12048 0.0621   16.098        3.08730
  326   0.0623   16.049        0.11078 0.0623   16.049        3.08775
  327   0.0625   16.000        0.11115 0.0625   16.000        3.08244
  328   0.0627   15.951        0.12286 0.0627   15.951        3.07777
  329   0.0629   15.903        0.13019 0.0629   15.903        3.07631
  330   0.0631   15.855        0.13879 0.0631   15.855        3.07722
  331   0.0633   15.807        0.15289 0.0633   15.807        3.08153
  332   0.0635   15.759        0.16443 0.0635   15.759        3.08542
  333   0.0636   15.712        0.16864 0.0636   15.712        3.08272
  334   0.0638   15.665        0.17450 0.0638   15.665        3.07402
  335   0.0640   15.618        0.17725 0.0640   15.618        3.06665
  336   0.0642   15.571        0.16754 0.0642   15.571        3.06725
  337   0.0644   15.525        0.15033 0.0644   15.525        3.07722
  338   0.0646   15.479        0.13916 0.0646   15.479        3.08565
  339   0.0648   15.434        0.13605 0.0648   15.434        3.08871
  340   0.0650   15.388        0.13037 0.0650   15.388        3.09013
  341   0.0652   15.343        0.12030 0.0652   15.343        3.09114
  342   0.0654   15.298        0.11041 0.0654   15.298        3.09041
  343   0.0656   15.254        0.10272 0.0656   15.254        3.08922
  344   0.0657   15.209        0.09979 0.0657   15.209        3.08331
  345   0.0659   15.165        0.10089 0.0659   15.165        3.07512
  346   0.0661   15.121        0.10181 0.0661   15.121        3.07054
  347   0.0663   15.078        0.09943 0.0663   15.078        3.07086
  348   0.0665   15.034        0.09650 0.0665   15.034        3.07356
  349   0.0667   14.991        0.10840 0.0667   14.991        3.07434
  350   0.0669   14.949        0.14191 0.0669   14.949        3.07210
  351   0.0671   14.906        0.16388 0.0671   14.906        3.06912
  352   0.0673   14.864        0.15765 0.0673   14.864        3.06519
  353   0.0675   14.822        0.15253 0.0675   14.822        3.06331
  354   0.0677   14.780        0.14996 0.0677   14.780        3.07063
  355   0.0679   14.738        0.14520 0.0679   14.738        3.07942
  356   0.0680   14.697        0.15070 0.0680   14.697        3.07942
  357   0.0682   14.655        0.16937 0.0682   14.655        3.07622
  358   0.0684   14.615        0.18073 0.0684   14.615        3.07635
  359   0.0686   14.574        0.18146 0.0686   14.574        3.07919
  360   0.0688   14.533        0.17303 0.0688   14.533        3.08080
  361   0.0690   14.493        0.16315 0.0690   14.493        3.07462
  362   0.0692   14.453        0.15692 0.0692   14.453        3.06171
  363   0.0694   14.413        0.14355 0.0694   14.413        3.05914
  364   0.0696   14.374        0.12415 0.0696   14.374        3.06638
  365   0.0698   14.334        0.11353 0.0698   14.334        3.07086
  366   0.0700   14.295        0.11261 0.0700   14.295        3.07027
  367   0.0701   14.256        0.10748 0.0701   14.256        3.06761
  368   0.0703   14.217        0.09723 0.0703   14.217        3.06743
  369   0.0705   14.179        0.09686 0.0705   14.179        3.07018
  370   0.0707   14.141        0.10419 0.0707   14.141        3.07191
  371   0.0709   14.102        0.11224 0.0709   14.102        3.07434
  372   0.0711   14.065        0.12067 0.0711   14.065        3.07961
  373   0.0713   14.027        0.12396 0.0713   14.027        3.08116
  374   0.0715   13.989        0.11938 0.0715   13.989        3.07274
  375   0.0717   13.952        0.12616 0.0717   13.952        3.06244
  376   0.0719   13.915        0.15271 0.0719   13.915        3.06102
  377   0.0721   13.878        0.17633 0.0721   13.878        3.06294
  378   0.0722   13.841        0.18622 0.0722   13.841        3.06065
  379   0.0724   13.805        0.17816 0.0724   13.805        3.06001
  380   0.0726   13.768        0.15106 0.0726   13.768        3.06139
  381   0.0728   13.732        0.12543 0.0728   13.732        3.06111
  382   0.0730   13.696        0.11096 0.0730   13.696        3.06450
  383   0.0732   13.661        0.08972 0.0732   13.661        3.06706
  384   0.0734   13.625        0.06903 0.0734   13.625        3.06367
  385   0.0736   13.590        0.07782 0.0736   13.590        3.06194
  386   0.0738   13.554        0.10748 0.0738   13.554        3.06656
  387   0.0740   13.519        0.14008 0.0740   13.519        3.07201
  388   0.0742   13.485        0.16388 0.0742   13.485        3.06967
  389   0.0744   13.450        0.17267 0.0744   13.450        3.06194
  390   0.0745   13.415        0.17047 0.0745   13.415        3.06166
  391   0.0747   13.381        0.16663 0.0747   13.381        3.06885
  392   0.0749   13.347        0.15747 0.0749   13.347        3.07484
  393   0.0751   13.313        0.15765 0.0751   13.313        3.07704
  394   0.0753   13.279        0.16498 0.0753   13.279        3.07567
  395   0.0755   13.246        0.15802 0.0755   13.246        3.07146
  396   0.0757   13.212        0.13641 0.0757   13.212        3.06477
  397   0.0759   13.179        0.12231 0.0759   13.179        3.05704
  398   0.0761   13.146        0.11206 0.0761   13.146        3.05727
  399   0.0763   13.113        0.10602 0.0763   13.113        3.06436
  400   0.0765   13.080        0.11078 0.0765   13.080        3.06807
  401   0.0766   13.047        0.12103 0.0766   13.047        3.06908
  402   0.0768   13.015        0.11847 0.0768   13.015        3.07329
  403   0.0770   12.983        0.10016 0.0770   12.983        3.07855
  404   0.0772   12.950        0.09686 0.0772   12.950        3.08006
  405   0.0774   12.919        0.12213 0.0774   12.919        3.07672
  406   0.0776   12.887        0.15253 0.0776   12.887        3.06995
  407   0.0778   12.855        0.15729 0.0778   12.855        3.06340
  408   0.0780   12.824        0.14044 0.0780   12.824        3.05800
  409   0.0782   12.792        0.12433 0.0782   12.792        3.05663
  410   0.0784   12.761        0.11737 0.0784   12.761        3.06331
  411   0.0786   12.730        0.12103 0.0786   12.730        3.07310
  412   0.0787   12.699        0.12616 0.0787   12.699        3.07544
  413   0.0789   12.668        0.13293 0.0789   12.668        3.06972
  414   0.0791   12.638        0.14447 0.0791   12.638        3.06432
  415   0.0793   12.607        0.16498 0.0793   12.607        3.06560
  416   0.0795   12.577        0.17029 0.0795   12.577        3.07036
  417   0.0797   12.547        0.15582 0.0797   12.547        3.07018
  418   0.0799   12.517        0.12927 0.0799   12.517        3.06294
  419   0.0801   12.487        0.10931 0.0801   12.487        3.05434
  420   0.0803   12.457        0.11957 0.0803   12.457        3.05122
  421   0.0805   12.428        0.15527 0.0805   12.428        3.05388
  422   0.0807   12.398        0.17596 0.0807   12.398        3.05914
  423   0.0808   12.369        0.16644 0.0808   12.369        3.06166
  424   0.0810   12.340        0.14227 0.0810   12.340        3.06097
  425   0.0812   12.311        0.11884 0.0812   12.311        3.06303
  426   0.0814   12.282        0.10162 0.0814   12.282        3.06935
  427   0.0816   12.253        0.09796 0.0816   12.253        3.07310
  428   0.0818   12.224        0.10052 0.0818   12.224        3.07054
  429   0.0820   12.196        0.10675 0.0820   12.196        3.06596
  430   0.0822   12.167        0.11371 0.0822   12.167        3.06477
  431   0.0824   12.139        0.10748 0.0824   12.139        3.06491
  432   0.0826   12.111        0.08881 0.0826   12.111        3.06766
  433   0.0828   12.083        0.06464 0.0828   12.083        3.07379
  434   0.0830   12.055        0.04926 0.0830   12.055        3.07558
  435   0.0831   12.028        0.04413 0.0831   12.028        3.06876
  436   0.0833   12.000        0.04633 0.0833   12.000        3.06326



     cross-cov. btwn  1 and 2          droped lag;    0

  no.        cr-cov. 12        cr-cov.21        ---even---        ----odd---
    0         -64.26960         -64.26960
    1         -63.01178         -64.21097
    2         -60.71307         -62.92397
    3         -57.82588         -60.74419
    4         -54.83586         -58.14638
    5         -52.11193         -55.57289
    6         -49.84082         -53.31630
    7         -48.05160         -51.49251
    8         -46.68092         -50.08941
    9         -45.63567         -49.03401
   10         -44.83075         -48.24846
   11         -44.19790         -47.67191
   12         -43.68337         -47.26454
   13         -43.24607         -46.99968
   14         -42.85762         -46.85596
   15         -42.50056         -46.81064
   16         -42.16052         -46.83605
   17         -41.82288         -46.90100
   18         -41.47799         -46.97931
   19         -41.12451         -47.05844
   20         -40.77106         -47.14419
   21         -40.43106         -47.25266
   22         -40.11945         -47.40080
   23         -39.84453         -47.59556
   24         -39.60459         -47.83001
   25         -39.38686         -48.08421
   26         -39.17054         -48.33103
   27         -38.93175         -48.54314
   28         -38.64357         -48.69565
   29         -38.27906         -48.76732
   30         -37.81817         -48.74342
   31         -37.25740         -48.62127
   32         -36.61440         -48.41583
   33         -35.92767         -48.15689
   34         -35.24741         -47.88285
   35         -34.62029         -47.63130
   36         -34.07393         -47.43067
   37         -33.61050         -47.29513
   38         -33.21321         -47.22622
   39         -32.86026         -47.21460
   40         -32.53482         -47.24278
   41         -32.23080         -47.28448
   42         -31.94969         -47.30900
   43         -31.69016         -47.28799
   44         -31.43912         -47.20240
   45         -31.17252         -47.04813
   46         -30.86626         -46.83306
   47         -30.50788         -46.57209
   48         -30.10163         -46.27931
   49         -29.66649         -45.96819
   50         -29.23243         -45.65480
   51         -28.83409         -45.36393
   52         -28.50372         -45.13086
   53         -28.26655         -44.99514
   54         -28.13885         -44.98769
   55         -28.12195         -45.12115
   56         -28.19677         -45.38453
   57         -28.32519         -45.74383
   58         -28.46461         -46.15584
   59         -28.58165         -46.58131
   60         -28.65967         -46.99326
   61         -28.69720         -47.37772
   62         -28.70063         -47.72502
   63         -28.67279         -48.02288
   64         -28.60427         -48.25200
   65         -28.47640         -48.39027
   66         -28.27271         -48.42300
   67         -27.98766         -48.34893
   68         -27.62706         -48.18158
   69         -27.20575         -47.94428
   70         -26.74644         -47.66653
   71         -26.27812         -47.38201
   72         -25.83177         -47.12523
   73         -25.43681         -46.92534
   74         -25.11655         -46.79999
   75         -24.88162         -46.74992
   76         -24.72244         -46.76107
   77         -24.61072         -46.80766
   78         -24.51163         -46.86131
   79         -24.39575         -46.89776
   80         -24.24217         -46.90393
   81         -24.03989         -46.87692
   82         -23.78829         -46.82772
   83         -23.49740         -46.77829
   84         -23.18522         -46.75867
   85         -22.87257         -46.79485
   86         -22.57817         -46.90084
   87         -22.31513         -47.07274
   88         -22.08565         -47.29115
   89         -21.88052         -47.52999
   90         -21.68452         -47.76454
   91         -21.47972         -47.97861
   92         -21.24790         -48.16303
   93         -20.96992         -48.30900
   94         -20.62912         -48.40514
   95         -20.21733         -48.44194
   96         -19.74028         -48.41758
   97         -19.21979         -48.34515
   98         -18.69052         -48.24993
   99         -18.18824         -48.16022
  100         -17.73714         -48.09271
  101         -17.34331         -48.04503
  102         -16.99864         -48.00214
  103         -16.69283         -47.95238
  104         -16.42112         -47.90277
  105         -16.19115         -47.88102
  106         -16.01964         -47.92369
  107         -15.92134         -48.05666
  108         -15.89484         -48.27775
  109         -15.91758         -48.55477
  110         -15.95211         -48.83986
  111         -15.95915         -49.09043
  112         -15.91073         -49.28536
  113         -15.79956         -49.42636
  114         -15.64131         -49.53087
  115         -15.46553         -49.62048
  116         -15.30074         -49.71134
  117         -15.16287         -49.81035
  118         -15.05249         -49.91757
  119         -14.95755         -50.02777
  120         -14.85844         -50.13288
  121         -14.73615         -50.22285
  122         -14.58223         -50.28817
  123         -14.40119         -50.32290
  124         -14.20430         -50.32663
  125         -14.00157         -50.30165
  126         -13.80009         -50.25375
  127         -13.60424         -50.19086
  128         -13.41831         -50.12267
  129         -13.24907         -50.05849
  130         -13.10829         -50.00594
  131         -13.01055         -49.97076
  132         -12.96522         -49.95565
  133         -12.97019         -49.96000
  134         -13.01331         -49.97811
  135         -13.07617         -50.00025
  136         -13.13965         -50.01233
  137         -13.18865         -49.99828
  138         -13.21531         -49.94614
  139         -13.21725         -49.85304
  140         -13.19321         -49.72542
  141         -13.14063         -49.57602
  142         -13.05784         -49.41703
  143         -12.94878         -49.25540
  144         -12.82272         -49.09277
  145         -12.69459         -48.93138
  146         -12.58319         -48.78294
  147         -12.50712         -48.67657
  148         -12.47954         -48.65142
  149         -12.50149         -48.74035
  150         -12.55969         -48.94790
  151         -12.62488         -49.23899
  152         -12.65543         -49.54616
  153         -12.60931         -49.79306
  154         -12.45896         -49.92356
  155         -12.20001         -49.92214
  156         -11.84989         -49.81133
  157         -11.43929         -49.63471
  158         -11.00051         -49.43364
  159         -10.55867         -49.23398
  160         -10.12599         -49.04208
  161          -9.70502         -48.85276
  162          -9.29494         -48.66122
  163          -8.89604         -48.46973
  164          -8.51039         -48.28897
  165          -8.14223         -48.13305
  166          -7.79730         -48.01435
  167          -7.47911         -47.94107
  168          -7.18347         -47.91492
  169          -6.89864         -47.93483
  170          -6.61334         -47.99873
  171          -6.32443         -48.10751
  172          -6.03951         -48.26270
  173          -5.77357         -48.46326
  174          -5.54100         -48.70331
  175          -5.34388         -48.97452
  176          -5.16509         -49.26678
  177          -4.97362         -49.57150
  178          -4.74084         -49.88301
  179          -4.45313         -50.19756
  180          -4.11384         -50.50898
  181          -3.73611         -50.80401
  182          -3.33334         -51.06349
  183          -2.91168         -51.26627
  184          -2.47049         -51.39560
  185          -2.01147         -51.44295
  186          -1.54878         -51.41377
  187          -1.10932         -51.32651
  188          -0.71943         -51.20718
  189          -0.39220         -51.08289
  190          -0.12323         -50.97247
  191           0.10458         -50.88583
  192           0.31273         -50.82157
  193           0.51876         -50.76988
  194           0.72867         -50.71884
  195           0.93679         -50.65919
  196           1.13014         -50.58955
  197           1.29391         -50.51617
  198           1.41365         -50.45265
  199           1.47950         -50.41376
  200           1.49175         -50.40967
  201           1.46297         -50.43982
  202           1.41448         -50.49329
  203           1.36844         -50.55478
  204           1.34178         -50.61095
  205           1.34322         -50.65597
  206           1.37583         -50.68913
  207           1.44374         -50.70963
  208           1.56008         -50.70871
  209           1.74772         -50.66525
  210           2.03165         -50.55228
  211           2.42651         -50.35016
  212           2.92522         -50.05693
  213           3.49681         -49.69265
  214           4.09506         -49.29346
  215           4.67578         -48.89972
  216           5.21076         -48.54383
  217           5.69052         -48.24380
  218           6.11753         -48.00437
  219           6.50026         -47.82141
  220           6.85264         -47.68158
  221           7.19402         -47.56250
  222           7.54684         -47.43937
  223           7.92710         -47.29618
  224           8.33526         -47.13672
  225           8.74687         -46.98660
  226           9.11525         -46.88394
  227           9.38849         -46.86391
  228           9.53348         -46.93963
  229           9.55161         -47.09764
  230           9.47736         -47.30342
  231           9.36524         -47.51615
  232           9.27104         -47.70042
  233           9.23749         -47.83272
  234           9.28732         -47.90075
  235           9.42786         -47.90150
  236           9.66060         -47.83622
  237           9.98614         -47.70779
  238          10.39940         -47.52348
  239          10.88405         -47.29476
  240          11.41347         -47.03905
  241          11.95450         -46.77757
  242          12.47482         -46.53112
  243          12.94934         -46.31598
  244          13.36650         -46.13808
  245          13.72922         -45.99121
  246          14.05105         -45.86107
  247          14.35075         -45.73351
  248          14.64725         -45.59772
  249          14.95432         -45.44839
  250          15.27445         -45.28451
  251          15.59950         -45.10888
  252          15.91658         -44.92741
  253          16.21637         -44.74546
  254          16.49713         -44.56627
  255          16.76551         -44.38922
  256          17.03313         -44.20842
  257          17.30905         -44.01494
  258          17.59161         -43.80249
  259          17.86724         -43.57605
  260          18.11724         -43.35323
  261          18.32756         -43.15827
  262          18.49756         -43.01102
  263          18.64386         -42.91703
  264          18.79554         -42.86109
  265          18.98139         -42.81244
  266          19.21602         -42.73901
  267          19.49195         -42.62384
  268          19.78435         -42.47503
  269          20.05956         -42.32267
  270          20.28925         -42.20722
  271          20.46161         -42.15977
  272          20.58663         -42.18724
  273          20.68951         -42.26929
  274          20.79752         -42.36689
  275          20.92700         -42.44047
  276          21.07764         -42.46335
  277          21.23409         -42.42675
  278          21.37608         -42.33718
  279          21.49350         -42.20510
  280          21.59445         -42.03679
  281          21.70050         -41.83166
  282          21.83173         -41.58635
  283          21.99163         -41.30225
  284          22.16478         -40.99131
  285          22.32266         -40.67549
  286          22.43834         -40.38244
  287          22.50062         -40.13671
  288          22.51951         -39.94868
  289          22.51976         -39.80871
  290          22.52643         -39.69124
  291          22.55615         -39.56507
  292          22.61460         -39.40551
  293          22.69965         -39.20298
  294          22.80241         -38.96525
  295          22.91084         -38.71291
  296          23.01149         -38.46914
  297          23.09290         -38.25324
  298          23.14416         -38.07755
  299          23.15851         -37.95138
  300          23.13555         -37.87979
  301          23.08195         -37.86311
  302          23.01021         -37.89198
  303          22.93741         -37.94680
  304          22.88561         -38.00011
  305          22.87576         -38.02361
  306          22.92153         -37.99713
  307          23.02452         -37.91335
  308          23.17793         -37.77274
  309          23.37267         -37.57641
  310          23.60164         -37.32365
  311          23.85996         -37.01481
  312          24.14426         -36.65825
  313          24.44781         -36.27273
  314          24.75858         -35.88742
  315          25.06010         -35.53391
  316          25.33522         -35.23880
  317          25.57095         -35.01800
  318          25.76004         -34.87541
  319          25.90176         -34.80558
  320          26.00419         -34.79402
  321          26.08210         -34.81777
  322          26.15485         -34.84617
  323          26.24013         -34.84344
  324          26.34771         -34.77320
  325          26.47620         -34.60764
  326          26.61625         -34.33794
  327          26.75760         -33.98033
  328          26.89770         -33.57132
  329          27.04163         -33.15401
  330          27.20049         -32.76320
  331          27.38857         -32.41301
  332          27.62207         -32.09661
  333          27.91518         -31.79329
  334          28.27603         -31.48107
  335          28.70254         -31.14731
  336          29.18221         -30.79180
  337          29.69265         -30.42503
  338          30.20556         -30.06347
  339          30.69425         -29.72375
  340          31.14071         -29.41734
  341          31.53897         -29.14622
  342          31.89137         -28.90435
  343          32.20539         -28.68128
  344          32.48613         -28.46682
  345          32.73141         -28.25641
  346          32.92917         -28.05509
  347          33.06406         -27.87613
  348          33.12684         -27.73677
  349          33.12261         -27.65026
  350          33.06909         -27.62272
  351          32.99081         -27.65161
  352          32.91100         -27.72628
  353          32.84631         -27.82947
  354          32.80523         -27.94185
  355          32.79360         -28.04476
  356          32.82056         -28.12151
  357          32.90075         -28.15962
  358          33.05209         -28.15181
  359          33.28840         -28.09655
  360          33.61412         -27.99587
  361          34.01871         -27.85233
  362          34.47559         -27.67300
  363          34.94521         -27.47340
  364          35.38232         -27.27937
  365          35.74530         -27.12214
  366          36.00376         -27.02954
  367          36.14447         -27.01770
  368          36.17208         -27.08498
  369          36.10522         -27.21700
  370          35.97200         -27.39202
  371          35.80794         -27.58562
  372          35.65326         -27.76962
  373          35.55071         -27.90853
  374          35.53988         -27.96197
  375          35.65161         -27.89329
  376          35.90239         -27.67951
  377          36.28688         -27.31870
  378          36.77462         -26.83364
  379          37.31045         -26.26927
  380          37.82280         -25.68638
  381          38.23773         -25.15219
  382          38.49890         -24.72688
  383          38.58536         -24.44923
  384          38.51883         -24.32353
  385          38.35459         -24.32009
  386          38.15996         -24.38849
  387          37.99239         -24.47750
  388          37.88484         -24.55013
  389          37.84425         -24.58768
  390          37.86348         -24.58559
  391          37.93586         -24.54412
  392          38.06078         -24.46302
  393          38.24012         -24.34121
  394          38.46990         -24.18178
  395          38.73824         -23.99529
  396          39.02723         -23.79804
  397          39.31671         -23.60770
  398          39.59009         -23.43803
  399          39.83987         -23.29270
  400          40.06865         -23.16324
  401          40.28964         -23.03106
  402          40.52081         -22.87555
  403          40.78080         -22.68199
  404          41.08129         -22.44339
  405          41.42123         -22.15971
  406          41.78703         -21.83345
  407          42.16100         -21.46946
  408          42.52918         -21.07637
  409          42.88301         -20.67093
  410          43.21266         -20.28346
  411          43.49843         -19.95467
  412          43.71001         -19.72455
  413          43.81631         -19.61872
  414          43.80171         -19.63763
  415          43.67929         -19.75322
  416          43.49309         -19.91594
  417          43.30440         -20.06622
  418          43.16917         -20.14905
  419          43.12213         -20.12597
  420          43.17131         -19.98042
  421          43.30410         -19.72096
  422          43.49714         -19.37711
  423          43.72316         -18.99061
  424          43.95435         -18.60258
  425          44.16438         -18.24360
  426          44.33130         -17.93025
  427          44.44148         -17.66869
  428          44.49111         -17.46123
  429          44.48401         -17.30820
  430          44.42669         -17.20888
  431          44.32447         -17.15772
  432          44.18087         -17.14300
  433          43.99955         -17.14842
  434          43.78775         -17.15939
  435          43.55767         -17.16649
  436          43.31933         -17.16764



     cross-spectrum btwn     1  and    2

  no.      freq.      period     coherency     phase     Gain relative to 2
    0           -infinite-     0.0019082---zero---     0.0047724
    1    0.00019  5232.00000     0.7118554   168.913     1.7935706
    2    0.00038  2616.00000     0.7104753   162.877     1.8529577
    3    0.00057  1744.00000     0.6356016   167.361     1.6840597
    4    0.00076  1308.00000     0.6341299   173.366     1.2323450
    5    0.00096  1046.40002     0.7132851   175.948     1.0758784
    6    0.00115   872.00000     0.7007057   179.954     0.9823921
    7    0.00134   747.42859     0.6409675   181.160     0.9407631
    8    0.00153   654.00000     0.6453573   177.044     1.0863848
    9    0.00172   581.33331     0.6595714   170.593     1.2331549
   10    0.00191   523.20001     0.6314098   167.637     1.2159657
   11    0.00210   475.63635     0.6382899   176.289     1.2525101
   12    0.00229   436.00000     0.6622774   186.757     1.2691605
   13    0.00248   402.46155     0.6500631   190.615     1.1474799
   14    0.00268   373.71429     0.5936800   186.614     0.9622264
   15    0.00287   348.79999     0.5354405   179.941     0.8215133
   16    0.00306   327.00000     0.5770015   179.954     0.7927799
   17    0.00325   307.76471     0.6870804   185.038     0.8047967
   18    0.00344   290.66666     0.7262394   185.737     0.7878426
   19    0.00363   275.36841     0.7329212   180.958     0.8175131
   20    0.00382   261.60001     0.7786718   178.709     0.9613436
   21    0.00401   249.14285     0.8398451   181.081     1.1342087
   22    0.00420   237.81818     0.8703573   181.491     1.2316973
   23    0.00440   227.47826     0.8842245   180.232     1.2623372
   24    0.00459   218.00000     0.9017917   179.093     1.2657186
   25    0.00478   209.28000     0.9142523   178.846     1.2811285
   26    0.00497   201.23077     0.9185598   178.676     1.2782053
   27    0.00516   193.77777     0.9188479   176.791     1.2128234
   28    0.00535   186.85715     0.9221958   174.173     1.1424661
   29    0.00554   180.41379     0.9285598   173.768     1.1294430
   30    0.00573   174.39999     0.9277403   175.375     1.1581001
   31    0.00593   168.77420     0.8937261   177.882     1.1727432
   32    0.00612   163.50000     0.8442556   178.747     1.1017559
   33    0.00631   158.54546     0.8546193   177.955     1.0839479
   34    0.00650   153.88235     0.8784074   177.306     1.1124305
   35    0.00669   149.48572     0.8802216   176.852     1.1118819
   36    0.00688   145.33333     0.8930455   177.994     1.0688939
   37    0.00707   141.40541     0.9227275   178.670     1.0375167
   38    0.00726   137.68420     0.9400569   177.436     1.0300542
   39    0.00745   134.15384     0.9450555   175.985     1.0533236
   40    0.00765   130.80000     0.9389541   175.679     1.0825442
   41    0.00784   127.60976     0.9290542   175.781     1.0931568
   42    0.00803   124.57143     0.9197420   175.722     1.0836246
   43    0.00822   121.67442     0.9136602   175.022     1.0669074
   44    0.00841   118.90909     0.9196552   174.444     1.0758182
   45    0.00860   116.26667     0.9208765   173.987     1.0858582
   46    0.00879   113.73913     0.8987941   172.117     1.0520790
   47    0.00898   111.31915     0.8750793   169.928     1.0018263
   48    0.00917   109.00000     0.8811579   170.513     1.0428632
   49    0.00937   106.77551     0.8893517   172.565     1.1210879
   50    0.00956   104.64000     0.8996722   174.523     1.1143926
   51    0.00975   102.58823     0.9227918   175.422     1.0847871
   52    0.00994   100.61539     0.9341010   176.032     1.0788554
   53    0.01013    98.71698     0.9311733   176.505     1.0475106
   54    0.01032    96.88889     0.9324838   176.718     1.0147687
   55    0.01051    95.12727     0.9416852   177.508     1.0372387
   56    0.01070    93.42857     0.9454492   177.692     1.0604891
   57    0.01089    91.78947     0.9344410   176.391     1.0259804
   58    0.01109    90.20689     0.9265058   175.303     0.9843341
   59    0.01128    88.67796     0.9276764   175.533     1.0045383
   60    0.01147    87.20000     0.9212556   175.289     1.0734283
   61    0.01166    85.77049     0.9191184   174.350     1.1119773
   62    0.01185    84.38710     0.9324291   174.471     1.0960233
   63    0.01204    83.04762     0.9424497   175.626     1.0578052
   64    0.01223    81.75000     0.9426178   177.172     1.0042676
   65    0.01242    80.49231     0.9323837   177.565     0.9906413
   66    0.01261    79.27273     0.9264039   176.849     1.0316839
   67    0.01281    78.08955     0.9227545   176.394     1.0632702
   68    0.01300    76.94118     0.8976535   175.533     1.0588485
   69    0.01319    75.82609     0.8534657   173.779     1.0376960
   70    0.01338    74.74286     0.8418212   172.171     1.0445634
   71    0.01357    73.69014     0.8587404   171.290     1.0574317
   72    0.01376    72.66666     0.8710206   171.170     1.0440929
   73    0.01395    71.67123     0.8934705   173.546     1.0051920
   74    0.01414    70.70271     0.9229909   176.795     0.9638389
   75    0.01433    69.76000     0.9263108   177.750     0.9202221
   76    0.01453    68.84210     0.9075993   177.293     0.9117347
   77    0.01472    67.94805     0.9025697   177.903     0.9919305
   78    0.01491    67.07692     0.9160117   178.514     1.0666101
   79    0.01510    66.22785     0.9101288   177.374     1.0633442
   80    0.01529    65.40000     0.8785533   174.193     1.0144527
   81    0.01548    64.59259     0.8393564   170.748     0.9388403
   82    0.01567    63.80488     0.8172784   171.488     0.8745382
   83    0.01586    63.03614     0.8319609   174.849     0.8649275
   84    0.01606    62.28571     0.8722140   176.022     0.8840329
   85    0.01625    61.55294     0.9020579   175.327     0.9124968
   86    0.01644    60.83721     0.8989059   174.691     0.9503043
   87    0.01663    60.13793     0.8646135   174.672     0.9841590
   88    0.01682    59.45454     0.8425114   175.040     1.0456758
   89    0.01701    58.78652     0.8732994   175.320     1.1089052
   90    0.01720    58.13334     0.9005796   175.382     1.0820276
   91    0.01739    57.49451     0.8937833   174.826     1.0600185
   92    0.01758    56.86956     0.8680648   174.734     1.0787010
   93    0.01778    56.25806     0.8497585   176.802     1.0321651
   94    0.01797    55.65957     0.8618447   179.049     0.9290153
   95    0.01816    55.07368     0.8721820   179.082     0.8682252
   96    0.01835    54.50000     0.8339615   177.746     0.8339581
   97    0.01854    53.93814     0.7691938   175.617     0.8391904
   98    0.01873    53.38776     0.7668831   174.169     0.8606255
   99    0.01892    52.84848     0.7769721   174.084     0.8275325
  100    0.01911    52.32000     0.7781036   175.461     0.8353755
  101    0.01930    51.80198     0.8317584   176.013     0.9479123
  102    0.01950    51.29412     0.8616128   175.323     0.9629584
  103    0.01969    50.79612     0.8350770   173.868     0.9053656
  104    0.01988    50.30769     0.7616673   170.566     0.8462572
  105    0.02007    49.82857     0.6716424   166.846     0.7651135
  106    0.02026    49.35849     0.6502190   166.816     0.7254454
  107    0.02045    48.89720     0.7536591   169.188     0.8590229
  108    0.02064    48.44444     0.8467680   170.899     1.0266068
  109    0.02083    48.00000     0.8744540   171.985     1.0834254
  110    0.02102    47.56364     0.8373568   170.878     0.9907025
  111    0.02122    47.13514     0.7791771   168.360     0.9138269
  112    0.02141    46.71429     0.7653416   169.780     0.9540868
  113    0.02160    46.30088     0.7693090   172.351     0.9558225
  114    0.02179    45.89474     0.7510031   171.437     0.8836216
  115    0.02198    45.49565     0.7066254   168.946     0.8076478
  116    0.02217    45.10345     0.6901343   172.840     0.7899784
  117    0.02236    44.71795     0.7455345   179.519     0.8903243
  118    0.02255    44.33898     0.7905106   181.674     1.0032065
  119    0.02274    43.96638     0.7783881   179.679     1.0245029
  120    0.02294    43.60000     0.7256153   173.870     0.9500452
  121    0.02313    43.23967     0.6272416   165.729     0.8021593
  122    0.02332    42.88525     0.4806532   158.743     0.6009477
  123    0.02351    42.53659     0.4541939   168.122     0.6054032
  124    0.02370    42.19355     0.5864015   178.117     0.8470487
  125    0.02389    41.85600     0.6268743   176.690     0.8880193
  126    0.02408    41.52381     0.5531043   166.667     0.7608126
  127    0.02427    41.19685     0.5170605   160.745     0.6932233
  128    0.02446    40.87500     0.5217313   163.419     0.6698990
  129    0.02466    40.55814     0.4642331   163.650     0.6162259
  130    0.02485    40.24615     0.3683819   158.299     0.5286098
  131    0.02504    39.93893     0.3999450   160.379     0.5593151
  132    0.02523    39.63636     0.5112227   169.204     0.6463379
  133    0.02542    39.33834     0.5847903   176.171     0.6839502
  134    0.02561    39.04478     0.6136205   179.016     0.7133877
  135    0.02580    38.75555     0.6607498   178.054     0.7704876
  136    0.02599    38.47059     0.7305483   178.566     0.8289781
  137    0.02619    38.18978     0.7372933   179.207     0.8344418
  138    0.02638    37.91304     0.6347240   177.785     0.7311382
  139    0.02657    37.64029     0.4988401   175.215     0.6120403
  140    0.02676    37.37143     0.4767235   174.183     0.6307539
  141    0.02695    37.10638     0.5250201   173.390     0.6693632
  142    0.02714    36.84507     0.5544503   173.705     0.6439105
  143    0.02733    36.58741     0.5460094   174.772     0.5876560
  144    0.02752    36.33333     0.5219855   172.614     0.5534109
  145    0.02771    36.08276     0.5098848   168.275     0.5905778
  146    0.02791    35.83562     0.5203909   167.159     0.6505122
  147    0.02810    35.59184     0.5528790   170.884     0.6701024
  148    0.02829    35.35135     0.5790616   175.402     0.6576247
  149    0.02848    35.11409     0.5482739   175.513     0.5679438
  150    0.02867    34.88000     0.4821223   170.836     0.4432659
  151    0.02886    34.64901     0.4626985   169.663     0.4099758
  152    0.02905    34.42105     0.4805548   172.024     0.4249972
  153    0.02924    34.19608     0.4641638   170.573     0.3928673
  154    0.02943    33.97403     0.4304026   169.491     0.3522183
  155    0.02963    33.75484     0.4069110   171.778     0.3349543
  156    0.02982    33.53846     0.4046699   174.328     0.3448713
  157    0.03001    33.32484     0.4082076   177.689     0.3452037
  158    0.03020    33.11393     0.4076429   180.774     0.3361917
  159    0.03039    32.90566     0.4166063   180.328     0.3537319
  160    0.03058    32.70000     0.4206283   177.729     0.3615527
  161    0.03077    32.49689     0.3848239   175.045     0.3113751
  162    0.03096    32.29630     0.3211763   173.027     0.2378828
  163    0.03115    32.09816     0.2917537   170.136     0.2104056
  164    0.03135    31.90244     0.3072031   169.092     0.2295929
  165    0.03154    31.70909     0.3226217   171.278     0.2406178
  166    0.03173    31.51807     0.3011130   171.985     0.2069770
  167    0.03192    31.32934     0.2608038   169.787     0.1621172
  168    0.03211    31.14286     0.2541389   169.022     0.1512598
  169    0.03230    30.95858     0.2591764   172.162     0.1509928
  170    0.03249    30.77647     0.2588187   177.561     0.1437130
  171    0.03268    30.59649     0.2764921   179.873     0.1479442
  172    0.03287    30.41860     0.3001240   179.173     0.1594990
  173    0.03307    30.24277     0.3059242   179.072     0.1559989
  174    0.03326    30.06897     0.2891706   178.557     0.1342500
  175    0.03345    29.89714     0.2608624   177.662     0.1101231
  176    0.03364    29.72727     0.2487711   177.527     0.0985096
  177    0.03383    29.55932     0.2544981   176.050     0.0997167
  178    0.03402    29.39326     0.2422574   173.841     0.1007267
  179    0.03421    29.22905     0.2157701   172.748     0.1015070
  180    0.03440    29.06667     0.2082303   174.057     0.1059538
  181    0.03459    28.90608     0.2093830   176.614     0.1002906
  182    0.03479    28.74725     0.2021289   178.703     0.0835891
  183    0.03498    28.59016     0.1910808   180.582     0.0720289
  184    0.03517    28.43478     0.1927551   181.401     0.0702697
  185    0.03536    28.28108     0.1850156   180.508     0.0711630
  186    0.03555    28.12903     0.1393407   180.492     0.0657699
  187    0.03574    27.97861     0.1038408   179.505     0.0586405
  188    0.03593    27.82979     0.1081184   174.303     0.0609392
  189    0.03612    27.68254     0.1493714   171.441     0.0698274
  190    0.03631    27.53684     0.1962729   172.460     0.0741361
  191    0.03651    27.39267     0.2091593   173.532     0.0763923
  192    0.03670    27.25000     0.2025870   172.887     0.0815381
  193    0.03689    27.10881     0.1555742   172.945     0.0875858
  194    0.03708    26.96907     0.1125801   177.742     0.0888322
  195    0.03727    26.83077     0.0972759   184.730     0.0816897
  196    0.03746    26.69388     0.1092165   186.355     0.0710229
  197    0.03765    26.55838     0.1575463   182.481     0.0658064
  198    0.03784    26.42424     0.1967800   179.697     0.0665536
  199    0.03804    26.29146     0.2078861   177.681     0.0708814
  200    0.03823    26.16000     0.1846862   174.245     0.0789368
  201    0.03842    26.02985     0.1217372   172.725     0.0988091
  202    0.03861    25.90099     0.0986570   176.260     0.1220772
  203    0.03880    25.77340     0.0883124   181.988     0.1144598
  204    0.03899    25.64706     0.0889324   186.671     0.0828354
  205    0.03918    25.52195     0.1332456   185.475     0.0666561
  206    0.03937    25.39806     0.1813589   181.869     0.0669451
  207    0.03956    25.27536     0.1809102   180.170     0.0665157
  208    0.03976    25.15385     0.1744646   179.230     0.0640827
  209    0.03995    25.03349     0.1621203   177.358     0.0611406
  210    0.04014    24.91429     0.1458736   174.264     0.0603962
  211    0.04033    24.79621     0.1489844   173.018     0.0670096
  212    0.04052    24.67924     0.1674979   173.735     0.0773415
  213    0.04071    24.56338     0.1767690   173.692     0.0844694
  214    0.04090    24.44860     0.1830432   173.295     0.0898802
  215    0.04109    24.33488     0.1576298   173.803     0.1020636
  216    0.04128    24.22222     0.1061870   175.775     0.1306194
  217    0.04148    24.11060     0.0614013   180.827     0.1445136
  218    0.04167    24.00000     0.0272966   196.989     0.0912162
  219    0.04186    23.89041     0.0123715   266.507     0.0412344
  220    0.04205    23.78182     0.0159481   -59.882     0.0358527
  221    0.04224    23.67421     0.0189672   245.424     0.0174959
  222    0.04243    23.56757     0.0967289   200.575     0.0268303
  223    0.04262    23.46188     0.1453011   191.613     0.0341106
  224    0.04281    23.35714     0.1450415   187.781     0.0384058
  225    0.04300    23.25333     0.1571831   185.352     0.0397674
  226    0.04320    23.15044     0.1680138   183.206     0.0407697
  227    0.04339    23.04846     0.1686929   182.078     0.0434762
  228    0.04358    22.94737     0.1733658   182.679     0.0454916
  229    0.04377    22.84716     0.1799917   183.923     0.0457378
  230    0.04396    22.74783     0.1901322   184.730     0.0472561
  231    0.04415    22.64935     0.1953875   185.679     0.0505634
  232    0.04434    22.55172     0.1963077   186.642     0.0518059
  233    0.04453    22.45494     0.1959084   186.124     0.0496908
  234    0.04472    22.35897     0.1953385   184.230     0.0475134
  235    0.04492    22.26383     0.1906540   183.834     0.0460659
  236    0.04511    22.16949     0.1949009   184.433     0.0458562
  237    0.04530    22.07595     0.2027615   183.403     0.0460190
  238    0.04549    21.98319     0.1944313   182.378     0.0442209
  239    0.04568    21.89121     0.1837904   183.472     0.0423803
  240    0.04587    21.80000     0.1929859   183.926     0.0441121
  241    0.04606    21.70954     0.2058799   182.323     0.0468516
  242    0.04625    21.61983     0.2040214   180.958     0.0472403
  243    0.04644    21.53086     0.2022633   180.835     0.0471779
  244    0.04664    21.44262     0.2117969   180.806     0.0480261
  245    0.04683    21.35510     0.2160566   179.966     0.0472882
  246    0.04702    21.26829     0.2040547   179.114     0.0445699
  247    0.04721    21.18219     0.1881873   178.973     0.0423034
  248    0.04740    21.09678     0.1830170   179.538     0.0411978
  249    0.04759    21.01205     0.1857495   180.272     0.0406235
  250    0.04778    20.92800     0.1872161   180.270     0.0406290
  251    0.04797    20.84462     0.1791158   179.675     0.0401260
  252    0.04817    20.76191     0.1704678   180.360     0.0389210
  253    0.04836    20.67984     0.1739382   182.759     0.0383510
  254    0.04855    20.59842     0.1773931   184.666     0.0382013
  255    0.04874    20.51765     0.1742911   184.414     0.0383561
  256    0.04893    20.43750     0.1709359   182.310     0.0400467
  257    0.04912    20.35798     0.1723662   179.875     0.0427645
  258    0.04931    20.27907     0.1750091   178.677     0.0442831
  259    0.04950    20.20077     0.1832160   179.156     0.0445609
  260    0.04969    20.12308     0.1970663   179.914     0.0450841
  261    0.04989    20.04598     0.2094847   179.508     0.0463062
  262    0.05008    19.96947     0.2153403   178.414     0.0469072
  263    0.05027    19.89354     0.2152694   177.196     0.0459880
  264    0.05046    19.81818     0.2011336   176.639     0.0436181
  265    0.05065    19.74340     0.1785874   177.702     0.0414737
  266    0.05084    19.66917     0.1671677   179.080     0.0409511
  267    0.05103    19.59550     0.1665419   179.524     0.0402977
  268    0.05122    19.52239     0.1718355   179.916     0.0394879
  269    0.05141    19.44981     0.1800819   180.973     0.0387613
  270    0.05161    19.37778     0.1826011   182.179     0.0384234
  271    0.05180    19.30627     0.1810129   182.087     0.0392730
  272    0.05199    19.23529     0.1789600   180.859     0.0399519
  273    0.05218    19.16483     0.1788944   180.401     0.0398189
  274    0.05237    19.09489     0.1725954   180.524     0.0393434
  275    0.05256    19.02546     0.1586783   180.417     0.0397134
  276    0.05275    18.95652     0.1497088   181.243     0.0408501
  277    0.05294    18.88809     0.1549210   182.566     0.0416567
  278    0.05313    18.82014     0.1680954   182.824     0.0407261
  279    0.05333    18.75269     0.1829133   182.270     0.0398696
  280    0.05352    18.68571     0.1914860   181.287     0.0401322
  281    0.05371    18.61922     0.1924801   179.509     0.0399138
  282    0.05390    18.55319     0.1854327   178.202     0.0391675
  283    0.05409    18.48763     0.1772202   178.471     0.0388642
  284    0.05428    18.42253     0.1700167   179.264     0.0387867
  285    0.05447    18.35789     0.1593747   180.008     0.0373793
  286    0.05466    18.29371     0.1500307   181.695     0.0353910
  287    0.05485    18.22997     0.1510649   183.568     0.0356943
  288    0.05505    18.16667     0.1525065   184.028     0.0374372
  289    0.05524    18.10381     0.1489050   183.824     0.0372307
  290    0.05543    18.04138     0.1470514   183.799     0.0360381
  291    0.05562    17.97938     0.1518303   183.732     0.0357578
  292    0.05581    17.91781     0.1623924   182.986     0.0367719
  293    0.05600    17.85666     0.1759207   181.006     0.0378680
  294    0.05619    17.79592     0.1854943   178.318     0.0385734
  295    0.05638    17.73559     0.1904004   176.553     0.0382955
  296    0.05657    17.67568     0.1881028   176.251     0.0365997
  297    0.05677    17.61616     0.1747097   177.072     0.0347639
  298    0.05696    17.55705     0.1555955   179.193     0.0339203
  299    0.05715    17.49833     0.1571610   180.853     0.0354887
  300    0.05734    17.44000     0.1645044   180.151     0.0366542
  301    0.05753    17.38206     0.1600859   178.257     0.0359763
  302    0.05772    17.32450     0.1572088   176.598     0.0358815
  303    0.05791    17.26733     0.1587886   175.733     0.0358002
  304    0.05810    17.21053     0.1513677   176.257     0.0337593
  305    0.05830    17.15410     0.1420652   178.755     0.0328552
  306    0.05849    17.09804     0.1465755   181.118     0.0352023
  307    0.05868    17.04235     0.1630171   181.350     0.0377083
  308    0.05887    16.98701     0.1824829   180.344     0.0390895
  309    0.05906    16.93204     0.1876161   179.355     0.0403073
  310    0.05925    16.87742     0.1730272   179.660     0.0405029
  311    0.05944    16.82315     0.1572900   181.783     0.0391670
  312    0.05963    16.76923     0.1555430   183.569     0.0377435
  313    0.05982    16.71565     0.1651111   182.092     0.0368369
  314    0.06002    16.66242     0.1740999   178.554     0.0352919
  315    0.06021    16.60952     0.1716407   176.201     0.0335654
  316    0.06040    16.55696     0.1645855   177.668     0.0340217
  317    0.06059    16.50473     0.1686241   180.086     0.0365746
  318    0.06078    16.45283     0.1678816   179.731     0.0371137
  319    0.06097    16.40125     0.1525395   178.811     0.0346661
  320    0.06116    16.35000     0.1367483   180.931     0.0327547
  321    0.06135    16.29906     0.1365128   182.865     0.0338704
  322    0.06154    16.24845     0.1424458   181.810     0.0354193
  323    0.06174    16.19814     0.1475737   180.789     0.0343692
  324    0.06193    16.14815     0.1580528   180.657     0.0333350
  325    0.06212    16.09846     0.1748879   179.519     0.0345489
  326    0.06231    16.04908     0.1889463   177.637     0.0357887
  327    0.06250    16.00000     0.1929436   177.141     0.0366377
  328    0.06269    15.95122     0.1860473   178.177     0.0371721
  329    0.06288    15.90274     0.1798283   179.509     0.0369938
  330    0.06307    15.85455     0.1696516   180.331     0.0360299
  331    0.06326    15.80665     0.1577899   180.028     0.0351471
  332    0.06346    15.75904     0.1475134   178.084     0.0340536
  333    0.06365    15.71171     0.1335641   176.575     0.0312394
  334    0.06384    15.66467     0.1200295   177.120     0.0285978
  335    0.06403    15.61791     0.1184808   179.142     0.0284842
  336    0.06422    15.57143     0.1285805   182.271     0.0300512
  337    0.06441    15.52522     0.1467240   184.261     0.0324298
  338    0.06460    15.47929     0.1675470   183.481     0.0355812
  339    0.06479    15.43363     0.1778636   182.662     0.0373287
  340    0.06498    15.38824     0.1811911   182.462     0.0372168
  341    0.06518    15.34311     0.1854772   181.481     0.0365902
  342    0.06537    15.29825     0.1872976   180.391     0.0354025
  343    0.06556    15.25364     0.1895107   179.446     0.0345574
  344    0.06575    15.20930     0.1943428   178.358     0.0349630
  345    0.06594    15.16522     0.1909486   177.979     0.0345869
  346    0.06613    15.12139     0.1829540   178.693     0.0333137
  347    0.06632    15.07781     0.1814333   180.430     0.0326466
  348    0.06651    15.03448     0.1855060   181.686     0.0328695
  349    0.06670    14.99140     0.1778059   180.927     0.0333873
  350    0.06690    14.94857     0.1555820   179.539     0.0334382
  351    0.06709    14.90598     0.1413956   178.655     0.0326731
  352    0.06728    14.86364     0.1376636   178.698     0.0312207
  353    0.06747    14.82153     0.1386256   180.076     0.0309329
  354    0.06766    14.77966     0.1458735   181.140     0.0322370
  355    0.06785    14.73803     0.1499285   180.556     0.0325564
  356    0.06804    14.69663     0.1420583   179.716     0.0314255
  357    0.06823    14.65546     0.1288665   180.276     0.0302380
  358    0.06843    14.61452     0.1264024   181.721     0.0306370
  359    0.06862    14.57382     0.1300619   182.363     0.0315732
  360    0.06881    14.53333     0.1295541   181.082     0.0307034
  361    0.06900    14.49307     0.1178082   178.393     0.0271375
  362    0.06919    14.45304     0.1057061   178.438     0.0239309
  363    0.06938    14.41322     0.1112951   182.191     0.0241093
  364    0.06957    14.37363     0.1316314   183.931     0.0264857
  365    0.06976    14.33425     0.1440123   183.531     0.0276895
  366    0.06995    14.29508     0.1429684   182.950     0.0273804
  367    0.07015    14.25613     0.1401389   182.644     0.0262318
  368    0.07034    14.21739     0.1467811   182.042     0.0261325
  369    0.07053    14.17886     0.1541215   180.378     0.0273754
  370    0.07072    14.14054     0.1518374   178.676     0.0279628
  371    0.07091    14.10243     0.1479365   178.804     0.0282670
  372    0.07110    14.06452     0.1494357   180.118     0.0295801
  373    0.07129    14.02681     0.1491890   179.239     0.0299243
  374    0.07148    13.98930     0.1371816   176.671     0.0270400
  375    0.07167    13.95200     0.1184660   176.746     0.0240448
  376    0.07187    13.91489     0.1104739   179.867     0.0246752
  377    0.07206    13.87798     0.1138802   180.984     0.0273239
  378    0.07225    13.84127     0.1146053   180.547     0.0282689
  379    0.07244    13.80475     0.1146197   181.671     0.0276570
  380    0.07263    13.76842     0.1225290   182.858     0.0272181
  381    0.07282    13.73228     0.1400299   182.251     0.0283451
  382    0.07301    13.69633     0.1613200   181.796     0.0306970
  383    0.07320    13.66057     0.1833652   182.006     0.0313620
  384    0.07339    13.62500     0.1993340   181.340     0.0299214
  385    0.07359    13.58961     0.1824924   180.237     0.0290932
  386    0.07378    13.55440     0.1637820   180.546     0.0306627
  387    0.07397    13.51938     0.1543653   180.484     0.0329625
  388    0.07416    13.48454     0.1436794   179.261     0.0331979
  389    0.07435    13.44987     0.1308237   179.755     0.0310667
  390    0.07454    13.41538     0.1323247   182.719     0.0312239
  391    0.07473    13.38107     0.1413472   184.235     0.0329360
  392    0.07492    13.34694     0.1411717   182.438     0.0319474
  393    0.07511    13.31298     0.1297978   178.271     0.0293801
  394    0.07531    13.27919     0.1226034   176.360     0.0283952
  395    0.07550    13.24557     0.1231794   178.466     0.0279397
  396    0.07569    13.21212     0.1281424   180.130     0.0270348
  397    0.07588    13.17884     0.1322181   180.853     0.0264472
  398    0.07607    13.14573     0.1369364   183.319     0.0262167
  399    0.07626    13.11278     0.1443466   185.172     0.0268489
  400    0.07645    13.08000     0.1462778   185.614     0.0277955
  401    0.07664    13.04738     0.1426686   186.311     0.0283319
  402    0.07683    13.01493     0.1473928   185.471     0.0289386
  403    0.07703    12.98263     0.1610131   183.259     0.0290424
  404    0.07722    12.95049     0.1627809   181.036     0.0288670
  405    0.07741    12.91852     0.1456193   180.095     0.0290127
  406    0.07760    12.88670     0.1295415   181.235     0.0288747
  407    0.07779    12.85504     0.1221328   182.660     0.0276744
  408    0.07798    12.82353     0.1252535   183.394     0.0268423
  409    0.07817    12.79218     0.1266721   184.755     0.0255473
  410    0.07836    12.76098     0.1278567   185.869     0.0250269
  411    0.07856    12.72993     0.1305860   184.673     0.0259155
  412    0.07875    12.69903     0.1340482   182.708     0.0271499
  413    0.07894    12.66828     0.1388760   180.060     0.0288999
  414    0.07913    12.63768     0.1399215   176.517     0.0303813
  415    0.07932    12.60723     0.1288565   174.918     0.0298925
  416    0.07951    12.57692     0.1179306   175.875     0.0277731
  417    0.07970    12.54676     0.1156799   177.337     0.0260610
  418    0.07989    12.51675     0.1220718   179.739     0.0250783
  419    0.08008    12.48687     0.1310387   182.868     0.0247901
  420    0.08028    12.45714     0.1337130   184.009     0.0264694
  421    0.08047    12.42755     0.1324077   184.375     0.0298563
  422    0.08066    12.39810     0.1354900   184.113     0.0324952
  423    0.08085    12.36879     0.1384202   182.805     0.0322741
  424    0.08104    12.33962     0.1416253   182.333     0.0305332
  425    0.08123    12.31059     0.1508691   182.827     0.0297165
  426    0.08142    12.28169     0.1692849   182.085     0.0308029
  427    0.08161    12.25293     0.1770438   180.393     0.0316096
  428    0.08180    12.22430     0.1724017   178.882     0.0311940
  429    0.08200    12.19580     0.1592879   178.460     0.0297224
  430    0.08219    12.16744     0.1481094   179.763     0.0285286
  431    0.08238    12.13921     0.1536977   181.937     0.0287825
  432    0.08257    12.11111     0.1771597   183.600     0.0301428
  433    0.08276    12.08314     0.2240366   183.240     0.0324878
  434    0.08295    12.05530     0.2682263   181.320     0.0339441
  435    0.08314    12.02759     0.2788923   179.990     0.0334437
  436    0.08333    12.00000     0.2636926   180.000     0.0324277
