

  *** spectral analysis of the raw data 
   SSH & Pair at Sokcho          


 station number =     1   station = soklp.dat      

    data mean =      0.01443   varience =    119.20906
   mag. of x scaled by     1.00000no.data used =       4359

   sample interval(dt) =   6.00000 hrs
   dt after filtering =    6.00000

   degree of freedom =   37.09149   bandwidth =    0.00071
   kinds of window=     2  no. of the window-weight =        436


  *** spectral analysis of the raw data 
   SSH & Pair at Sokcho          


 station number =     2   station = Pa36lpdet.dat  

    data mean =     -0.09484   varience =     51.90161
   mag. of x scaled by     1.00000no.data used =       4359

   sample interval(dt) =   6.00000 hrs
   dt after filtering =    6.00000

   degree of freedom =   37.09149   bandwidth =    0.00071
   kinds of window=     2  no. of the window-weight =        436



          autocorrelations 

  lags          autocor11          autocor22
     0       119.20906067        51.90161133
     1       118.04497528        50.74789810
     2       114.85463715        47.96480560
     3       110.33683014        44.15879822
     4       105.30389404        40.17296219
     5       100.39401245        36.65588379
     6        95.94810486        33.90503311
     7        92.06140900        31.90353012
     8        88.71396637        30.47143173
     9        85.88135529        29.41361809
    10        83.56407928        28.59765625
    11        81.75377655        27.96205902
    12        80.40213013        27.49030685
    13        79.41975403        27.18259048
    14        78.70337677        27.03535080
    15        78.15493011        27.02552605
    16        77.69069672        27.10463333
    17        77.24943542        27.20708466
    18        76.79795837        27.27134514
    19        76.32872772        27.26346016
    20        75.85900116        27.18765068
    21        75.42800903        27.07790184
    22        75.08756256        26.97847939
    23        74.87705994        26.92372131
    24        74.80133820        26.92686272
    25        74.82682037        26.97916985
    26        74.89427948        27.05476570
    27        74.93933868        27.11610794
    28        74.91344452        27.12458038
    29        74.80405426        27.05064392
    30        74.63356018        26.88586617
    31        74.44151306        26.64803886
    32        74.26387787        26.37718773
    33        74.12326050        26.12081337
    34        74.03019714        25.91736984
    35        73.98016357        25.78497314
    36        73.95407867        25.72013092
    37        73.92733765        25.70609283
    38        73.87234497        25.72133255
    39        73.76245117        25.74552155
    40        73.57851410        25.76020622
    41        73.31885529        25.74891853
    42        73.00200653        25.70016289
    43        72.65294647        25.61396980
    44        72.29647827        25.50743675
    45        71.95567322        25.41322327
    46        71.65529633        25.36935234
    47        71.41494751        25.40114594
    48        71.24090576        25.50910568
    49        71.12763214        25.66831398
    50        71.06355286        25.84426117
    51        71.03675842        26.01287651
    52        71.04311371        26.17273903
    53        71.08988953        26.34107780
    54        71.18543243        26.53728485
    55        71.31890869        26.76477623
    56        71.45421600        27.00406647
    57        71.54566956        27.21898651
    58        71.56007385        27.37238312
    59        71.48563385        27.43915749
    60        71.32738495        27.41408920
    61        71.10128021        27.30876732
    62        70.82703400        27.14678955
    63        70.51734924        26.95474243
    64        70.17262268        26.75363159
    65        69.79153442        26.55166245
    66        69.37407684        26.34209824
    67        68.91970825        26.10921478
    68        68.42871094        25.83730888
    69        67.91186523        25.52190971
    70        67.39595795        25.17260361
    71        66.91857910        24.80970001
    72        66.51513672        24.46085739
    73        66.21104431        24.15623283
    74        66.01495361        23.92566872
    75        65.90784454        23.79352570
    76        65.84773254        23.76721954
    77        65.78166962        23.82772827
    78        65.66429138        23.92649841
    79        65.46704102        23.99992943
    80        65.18461609        23.99385071
    81        64.84375763        23.89139366
    82        64.49707794        23.72356415
    83        64.20120239        23.55952263
    84        63.99399948        23.47346306
    85        63.88061905        23.50756073
    86        63.83116913        23.65030861
    87        63.78928757        23.83939171
    88        63.69112015        23.99279213
    89        63.49377823        24.04756546
    90        63.19004440        23.98814583
    91        62.80102158        23.84875870
    92        62.36163712        23.69242668
    93        61.90939713        23.57743073
    94        61.47852325        23.53341103
    95        61.09466934        23.55336952
    96        60.77824783        23.60520935
    97        60.54859924        23.65134811
    98        60.42218781        23.66436577
    99        60.40351105        23.63557434
   100        60.48299408        23.57711411
   101        60.64595413        23.51586914
   102        60.87649155        23.48604584
   103        61.15502548        23.51653862
   104        61.45456314        23.61667824
   105        61.74280930        23.76879120
   106        61.98329544        23.93303680
   107        62.13404083        24.06416321
   108        62.15531158        24.13124847
   109        62.02437592        24.12845993
   110        61.74518204        24.07021713
   111        61.34380722        23.97609520
   112        60.85929871        23.85899544
   113        60.33864594        23.72359467
   114        59.82454681        23.57468414
   115        59.33995438        23.42758751
   116        58.88423920        23.30723763
   117        58.44468307        23.23875427
   118        58.01312256        23.23285675
   119        57.59215927        23.27997208
   120        57.19651413        23.35436440
   121        56.85167313        23.42819786
   122        56.58082581        23.48368835
   123        56.38795471        23.51891899
   124        56.24993896        23.54117393
   125        56.13266373        23.55964851
   126        56.00848389        23.57698059
   127        55.86539841        23.58776474
   128        55.70665741        23.58117294
   129        55.54466629        23.54722977
   130        55.39212036        23.48076057
   131        55.25571442        23.38350296
   132        55.14128876        23.26086044
   133        55.06606674        23.11935806
   134        55.05773163        22.96353912
   135        55.13608170        22.79470825
   136        55.29379272        22.61393738
   137        55.49438858        22.42341995
   138        55.68436813        22.22833061
   139        55.81405258        22.03605652
   140        55.86256790        21.85421562
   141        55.85030746        21.68851662
   142        55.82904434        21.54050636
   143        55.85160828        21.40645790
   144        55.94629669        21.27737236
   145        56.10845566        21.14572716
   146        56.30762482        21.01379776
   147        56.50052643        20.89898682
   148        56.64930725        20.83098793
   149        56.73887253        20.83790398
   150        56.77721786        20.92976189
   151        56.78166580        21.08886337
   152        56.76289749        21.27268219
   153        56.71669388        21.42694664
   154        56.61849976        21.50279236
   155        56.42639542        21.46927071
   156        56.09619141        21.31765366
   157        55.60620880        21.06048775
   158        54.96756744        20.72664261
   159        54.21855164        20.35296059
   160        53.41313171        19.97751045
   161        52.60987473        19.63272858
   162        51.85754776        19.34029007
   163        51.17987823        19.11142731
   164        50.57678223        18.94611740
   165        50.03712082        18.83378220
   166        49.55075455        18.75631332
   167        49.11344910        18.69113159
   168        48.72513962        18.61890030
   169        48.38702393        18.53103828
   170        48.09507370        18.43558884
   171        47.83156967        18.35168839
   172        47.57077408        18.29952240
   173        47.28985214        18.28544426
   174        46.97538376        18.29533005
   175        46.61709976        18.29946899
   176        46.20769882        18.26688957
   177        45.75102997        18.18057251
   178        45.26696014        18.04362106
   179        44.78873062        17.87315178
   180        44.35378265        17.68819427
   181        43.99477768        17.50012207
   182        43.72351837        17.31144524
   183        43.51901627        17.12139130
   184        43.33338165        16.93276024
   185        43.11809158        16.75517464
   186        42.84923172        16.59970665
   187        42.53984070        16.47652054
   188        42.23548508        16.39266777
   189        41.99800491        16.35469818
   190        41.87477112        16.36810493
   191        41.87211990        16.43268776
   192        41.95015335        16.53253555
   193        42.04092789        16.63325310
   194        42.07386780        16.68884850
   195        41.99599457        16.65946579
   196        41.78416061        16.52723312
   197        41.44857407        16.30606461
   198        41.02360535        16.03534126
   199        40.54794312        15.76396370
   200        40.05183411        15.53349018
   201        39.55408478        15.36659813
   202        39.06171417        15.26203346
   203        38.57423782        15.19970036
   204        38.09473038        15.14881706
   205        37.64159775        15.07941341
   206        37.24642181        14.97334003
   207        36.93967438        14.83036518
   208        36.73955917        14.66306210
   209        36.64545441        14.48523903
   210        36.64155960        14.30195427
   211        36.70451355        14.10490227
   212        36.82211304        13.88294125
   213        37.00389481        13.63565826
   214        37.27178574        13.37973595
   215        37.63446808        13.14186287
   216        38.06831360        12.94478512
   217        38.51589203        12.79427814
   218        38.89712906        12.67942905
   219        39.13167191        12.58323956
   220        39.16299820        12.49438477
   221        38.97679901        12.40937328
   222        38.59682083        12.32752323
   223        38.06513214        12.24380398
   224        37.42890167        12.14692020
   225        36.73650360        12.02538872
   226        36.03396606        11.87520218
   227        35.35777664        11.70374775
   228        34.73108292        11.52723980
   229        34.16559601        11.36456966
   230        33.66273880        11.23311615
   231        33.21306229        11.14662266
   232        32.80253601        11.11442566
   233        32.42257690        11.13971806
   234        32.06829071        11.21620178
   235        31.73208427        11.32286358
   236        31.40201759        11.42334461
   237        31.06695938        11.47420406
   238        30.72158241        11.43969250
   239        30.36477661        11.30738354
   240        30.00079155        11.09555626
   241        29.64039803        10.84805584
   242        29.29876900        10.61983490
   243        28.99134636        10.45725155
   244        28.73278427        10.38407421
   245        28.53841972        10.39808846
   246        28.41880417        10.47239208
   247        28.37216187        10.56579113
   248        28.38417053        10.63486290
   249        28.43559456        10.64834595
   250        28.50724602        10.59730148
   251        28.58146667        10.49489403
   252        28.64555168        10.36679745
   253        28.69500732        10.23455334
   254        28.73250580        10.10592270
   255        28.76086998         9.97621536
   256        28.77860069         9.84032822
   257        28.77342796         9.70260906
   258        28.71308136         9.57607651
   259        28.54539871         9.47118473
   260        28.21699142         9.38287735
   261        27.70228577         9.28836632
   262        27.01989555         9.15847874
   263        26.22819901         8.97150993
   264        25.40654373         8.72060871
   265        24.63159180         8.41136074
   266        23.95473862         8.05720234
   267        23.39392090         7.67609596
   268        22.94556046         7.29280186
   269        22.60118866         6.93811321
   270        22.35210609         6.64255285
   271        22.18220329         6.42656136
   272        22.05968285         6.29168510
   273        21.93937683         6.22245932
   274        21.77011681         6.19457483
   275        21.51064873         6.18546152
   276        21.14930153         6.18015909
   277        20.71298409         6.17238998
   278        20.25351334         6.16134357
   279        19.82209969         6.15160418
   280        19.45332336         6.15338421
   281        19.16407776         6.18073559
   282        18.95552063         6.24406147
   283        18.81745338         6.34386635
   284        18.73044395         6.46730042
   285        18.66783142         6.59267282
   286        18.59211159         6.69737482
   287        18.45798874         6.76339102
   288        18.22994232         6.77677965
   289        17.90410042         6.72468042
   290        17.51192093         6.59550810
   291        17.10597992         6.38437319
   292        16.73715782         6.10125017
   293        16.43548203         5.77629137
   294        16.19655228         5.45643330
   295        15.98351860         5.19303894
   296        15.74597836         5.02396297
   297        15.44346142         4.95890379
   298        15.05631351         4.97493172
   299        14.58363819         5.02288151
   300        14.03557396         5.04505348
   301        13.42948723         4.99600077
   302        12.78337765         4.85881615
   303        12.11610126         4.64818573
   304        11.45455837         4.39985657
   305        10.83653450         4.15286112
   306        10.30346966         3.93246722
   307         9.88548470         3.74349999
   308         9.59185600         3.57591629
   309         9.40987873         3.41562390
   310         9.30579567         3.25373125
   311         9.23165226         3.08992195
   312         9.14187717         2.92680883
   313         9.00709629         2.76312828
   314         8.81756783         2.59061933
   315         8.57872486         2.39751816
   316         8.30507946         2.17636609
   317         8.01255894         1.93347347
   318         7.71022797         1.69034529
   319         7.39741516         1.47584927
   320         7.06983614         1.31179786
   321         6.72427320         1.20034587
   322         6.35384321         1.12057269
   323         5.94317293         1.03712571
   324         5.47291756         0.91823786
   325         4.93075037         0.75142002
   326         4.31777477         0.54967469
   327         3.64925241         0.34293750
   328         2.95406270         0.16230625
   329         2.26870918         0.02599605
   330         1.62555826        -0.06841197
   331         1.04758108        -0.13979618
   332         0.55357879        -0.21472143
   333         0.16157822        -0.31854284
   334        -0.12090408        -0.46875754
   335        -0.30735549        -0.67355829
   336        -0.43125299        -0.92988306
   337        -0.53209031        -1.22328186
   338        -0.64408726        -1.52879739
   339        -0.79181802        -1.81568539
   340        -0.98969311        -2.05424428
   341        -1.24661601        -2.22520375
   342        -1.57219827        -2.32578230
   343        -1.97296345        -2.37030101
   344        -2.43932915        -2.38503957
   345        -2.93655777        -2.39919829
   346        -3.41699743        -2.43489385
   347        -3.84482265        -2.50353622
   348        -4.21468735        -2.60688853
   349        -4.55103970        -2.74025726
   350        -4.88951492        -2.89420509
   351        -5.25106382        -3.05374289
   352        -5.62124205        -3.19593263
   353        -5.95293570        -3.29219699
   354        -6.19501209        -3.31534767
   355        -6.32274771        -3.25065541
   356        -6.34899902        -3.10386181
   357        -6.31214714        -2.90126133
   358        -6.25649500        -2.68101048
   359        -6.21521521        -2.48186302
   360        -6.20110369        -2.33546114
   361        -6.21257782        -2.26164627
   362        -6.24975443        -2.26943088
   363        -6.32588148        -2.35721064
   364        -6.46574736        -2.51235271
   365        -6.69371748        -2.71286178
   366        -7.02517223        -2.93181729
   367        -7.45688677        -3.14345264
   368        -7.96121550        -3.32859921
   369        -8.49043846        -3.47512364
   370        -8.99222374        -3.57590079
   371        -9.42490387        -3.62641454
   372        -9.76097775        -3.62794566
   373        -9.98831844        -3.59213901
   374       -10.11458397        -3.54353189
   375       -10.16973591        -3.51789308
   376       -10.20100594        -3.55130649
   377       -10.25955391        -3.66937399
   378       -10.38684368        -3.87707448
   379       -10.60104370        -4.15748787
   380       -10.88870716        -4.47732210
   381       -11.21371746        -4.79584551
   382       -11.54084873        -5.07554436
   383       -11.85181046        -5.28912401
   384       -12.14182854        -5.42070484
   385       -12.40660667        -5.46590948
   386       -12.63574696        -5.43102503
   387       -12.81556606        -5.33412409
   388       -12.93415260        -5.20643902
   389       -12.98939514        -5.09101391
   390       -12.99528885        -5.03217602
   391       -12.97967625        -5.06169462
   392       -12.97218227        -5.18458939
   393       -12.99811363        -5.37560987
   394       -13.07971382        -5.59070635
   395       -13.23855877        -5.78858137
   396       -13.48985481        -5.94961071
   397       -13.83469200        -6.08236885
   398       -14.25943851        -6.21400452
   399       -14.73770905        -6.37363386
   400       -15.23051643        -6.57898045
   401       -15.69075298        -6.83154106
   402       -16.07862282        -7.11996984
   403       -16.37650871        -7.42534161
   404       -16.59605980        -7.72659111
   405       -16.77389526        -8.00402164
   406       -16.95820999        -8.24178982
   407       -17.18521118        -8.42863369
   408       -17.45461845        -8.55616570
   409       -17.72512245        -8.61433315
   410       -17.93579292        -8.59186840
   411       -18.04075241        -8.48220062
   412       -18.03170395        -8.29393101
   413       -17.94272232        -8.05899239
   414       -17.83561325        -7.82683468
   415       -17.77288628        -7.64934540
   416       -17.79475212        -7.56032610
   417       -17.91223526        -7.56686258
   418       -18.12333107        -7.65357876
   419       -18.42594337        -7.79432011
   420       -18.81943893        -7.96682167
   421       -19.29578018        -8.15787125
   422       -19.83155823        -8.36301327
   423       -20.38607788        -8.58145428
   424       -20.90753937        -8.81122303
   425       -21.34842300        -9.04199791
   426       -21.68229485        -9.25331306
   427       -21.90576935        -9.41815472
   428       -22.02549171        -9.51250076
   429       -22.04618454        -9.52500439
   430       -21.97095871        -9.45955563
   431       -21.80910683        -9.32989407
   432       -21.58239746        -9.15001965
   433       -21.32761574        -8.93017769
   434       -21.09257317        -8.67892075
   435       -20.92185593        -8.41100121
   436       -20.83933449        -8.14947414



          power spectrums 

  no.      freq1  period  p-spect11  freq2  period  p-spect22
    0   0.0000            244388.57812                    91265.92969
    1   0.0002 5232.000   185705.50000 0.0002 5232.000    69104.93750
    2   0.0004 2616.000    80434.75781 0.0004 2616.000    28745.57031
    3   0.0006 1744.000    23153.88477 0.0006 1744.000     6397.25684
    4   0.0008 1308.000    11599.94629 0.0008 1308.000     2598.41309
    5   0.0010 1046.400    10155.25879 0.0010 1046.400     3350.89746
    6   0.0011  872.000     9341.69629 0.0011  872.000     3869.03027
    7   0.0013  747.429     7479.16504 0.0013  747.429     3437.10059
    8   0.0015  654.000     5146.14941 0.0015  654.000     2667.71777
    9   0.0017  581.333     4513.38379 0.0017  581.333     2279.85059
   10   0.0019  523.200     5512.03223 0.0019  523.200     2157.28418
   11   0.0021  475.636     6768.91504 0.0021  475.636     2375.97949
   12   0.0023  436.000     6758.74316 0.0023  436.000     2808.34277
   13   0.0025  402.462     5608.96973 0.0025  402.462     3252.79980
   14   0.0027  373.714     4898.79004 0.0027  373.714     3463.46191
   15   0.0029  348.800     5463.68066 0.0029  348.800     3169.33887
   16   0.0031  327.000     6433.70020 0.0031  327.000     2848.05176
   17   0.0032  307.765     6349.80566 0.0032  307.765     2742.99902
   18   0.0034  290.667     5159.88379 0.0034  290.667     2361.92871
   19   0.0036  275.368     4008.01245 0.0036  275.368     1816.95410
   20   0.0038  261.600     3427.74683 0.0038  261.600     1651.28027
   21   0.0040  249.143     3455.13354 0.0040  249.143     1708.69336
   22   0.0042  237.818     4197.36426 0.0042  237.818     1619.67773
   23   0.0044  227.478     5073.56348 0.0044  227.478     1602.62695
   24   0.0046  218.000     4826.95410 0.0046  218.000     1757.72168
   25   0.0048  209.280     3664.27808 0.0048  209.280     1939.41650
   26   0.0050  201.231     3287.56714 0.0050  201.231     2237.71582
   27   0.0052  193.778     3729.42261 0.0052  193.778     2510.65137
   28   0.0054  186.857     3701.37378 0.0054  186.857     2526.53027
   29   0.0055  180.414     3407.46753 0.0055  180.414     2408.98682
   30   0.0057  174.400     3527.82495 0.0057  174.400     2262.67676
   31   0.0059  168.774     3584.88940 0.0059  168.774     2056.70068
   32   0.0061  163.500     3171.15308 0.0061  163.500     1912.66260
   33   0.0063  158.545     2621.14258 0.0063  158.545     1915.83252
   34   0.0065  153.882     2248.07910 0.0065  153.882     1796.07129
   35   0.0067  149.486     2017.77637 0.0067  149.486     1470.28711
   36   0.0069  145.333     1676.14258 0.0069  145.333     1234.41211
   37   0.0071  141.405     1439.26562 0.0071  141.405     1212.67822
   38   0.0073  137.684     1763.10742 0.0073  137.684     1388.83740
   39   0.0075  134.154     2385.14746 0.0075  134.154     1679.16943
   40   0.0076  130.800     2677.25195 0.0076  130.800     1773.18604
   41   0.0078  127.610     2306.39453 0.0078  127.610     1557.65186
   42   0.0080  124.571     1755.09766 0.0080  124.571     1326.01904
   43   0.0082  121.674     1732.92285 0.0082  121.674     1272.04614
   44   0.0084  118.909     1867.03809 0.0084  118.909     1310.21411
   45   0.0086  116.267     1663.58008 0.0086  116.267     1307.89307
   46   0.0088  113.739     1488.42285 0.0088  113.739     1195.72119
   47   0.0090  111.319     1558.18896 0.0090  111.319     1045.89478
   48   0.0092  109.000     1572.92236 0.0092  109.000     1003.91968
   49   0.0094  106.776     1412.13672 0.0094  106.776     1031.21924
   50   0.0096  104.640     1274.86768 0.0096  104.640     1000.05249
   51   0.0097  102.588     1132.49805 0.0097  102.588      890.55029
   52   0.0099  100.615      892.79535 0.0099  100.615      780.58154
   53   0.0101   98.717      772.97113 0.0101   98.717      768.62549
   54   0.0103   96.889      895.68695 0.0103   96.889      858.20728
   55   0.0105   95.127     1098.28516 0.0105   95.127      934.44141
   56   0.0107   93.429     1185.18262 0.0107   93.429      904.32568
   57   0.0109   91.789     1117.20361 0.0109   91.789      844.77905
   58   0.0111   90.207      960.09174 0.0111   90.207      798.71338
   59   0.0113   88.678      818.28754 0.0113   88.678      722.53418
   60   0.0115   87.200      757.38373 0.0115   87.200      661.07666
   61   0.0117   85.770      724.90375 0.0117   85.770      678.04541
   62   0.0119   84.387      693.01410 0.0119   84.387      772.50403
   63   0.0120   83.048      694.36761 0.0120   83.048      782.01453
   64   0.0122   81.750      669.18109 0.0122   81.750      641.19690
   65   0.0124   80.492      616.09222 0.0124   80.492      567.20215
   66   0.0126   79.273      671.70868 0.0126   79.273      615.24939
   67   0.0128   78.090      701.15936 0.0128   78.090      603.05090
   68   0.0130   76.941      549.84686 0.0130   76.941      498.36365
   69   0.0132   75.826      432.44623 0.0132   75.826      427.00122
   70   0.0134   74.743      408.68353 0.0134   74.743      384.08569
   71   0.0136   73.690      335.16010 0.0136   73.690      349.11035
   72   0.0138   72.667      245.39081 0.0138   72.667      375.34937
   73   0.0140   71.671      206.95990 0.0140   71.671      379.98230
   74   0.0141   70.703      221.68964 0.0141   70.703      316.52893
   75   0.0143   69.760      279.01410 0.0143   69.760      285.17029
   76   0.0145   68.842      304.89130 0.0145   68.842      309.46582
   77   0.0147   67.948      257.02094 0.0147   67.948      351.82104
   78   0.0149   67.077      218.87860 0.0149   67.077      383.85754
   79   0.0151   66.228      237.54144 0.0151   66.228      374.89966
   80   0.0153   65.400      240.98456 0.0153   65.400      337.71277
   81   0.0155   64.593      195.01483 0.0155   64.593      274.64282
   82   0.0157   63.805      153.67548 0.0157   63.805      207.16699
   83   0.0159   63.036      143.29706 0.0159   63.036      211.33337
   84   0.0161   62.286      137.74310 0.0161   62.286      274.78674
   85   0.0162   61.553      133.10248 0.0162   61.553      317.47412
   86   0.0164   60.837      159.08734 0.0164   60.837      329.64294
   87   0.0166   60.138      223.24530 0.0166   60.138      352.73016
   88   0.0168   59.455      287.52448 0.0168   59.455      388.03949
   89   0.0170   58.787      311.12567 0.0170   58.787      391.51538
   90   0.0172   58.133      277.41156 0.0172   58.133      340.03143
   91   0.0174   57.495      196.72980 0.0174   57.495      260.95294
   92   0.0176   56.870      131.65924 0.0176   56.870      193.99255
   93   0.0178   56.258      140.14105 0.0178   56.258      161.41681
   94   0.0180   55.660      186.02106 0.0180   55.660      164.25146
   95   0.0182   55.074      183.52057 0.0182   55.074      179.19397
   96   0.0183   54.500      136.85797 0.0183   54.500      187.77374
   97   0.0185   53.938      118.82574 0.0185   53.938      200.88373
   98   0.0187   53.388      140.10626 0.0187   53.388      223.45166
   99   0.0189   52.848      164.70209 0.0189   52.848      221.16779
  100   0.0191   52.320      160.80121 0.0191   52.320      182.98480
  101   0.0193   51.802      130.51227 0.0193   51.802      153.45557
  102   0.0195   51.294      112.68585 0.0195   51.294      142.48206
  103   0.0197   50.796      116.42120 0.0197   50.796      123.60919
  104   0.0199   50.308      113.53400 0.0199   50.308      106.63092
  105   0.0201   49.829       99.75861 0.0201   49.829      108.39331
  106   0.0203   49.358       98.53326 0.0203   49.358      124.29199
  107   0.0205   48.897      103.38043 0.0205   48.897      139.81989
  108   0.0206   48.444       89.14618 0.0206   48.444      135.59161
  109   0.0208   48.000       67.46832 0.0208   48.000      113.07257
  110   0.0210   47.564       65.44720 0.0210   47.564       86.04291
  111   0.0212   47.135       82.76971 0.0212   47.135       60.85162
  112   0.0214   46.714       88.73163 0.0214   46.714       48.48193
  113   0.0216   46.301       69.00934 0.0216   46.301       51.60150
  114   0.0218   45.895       46.10468 0.0218   45.895       57.73727
  115   0.0220   45.496       35.56183 0.0220   45.496       63.99124
  116   0.0222   45.103       41.32562 0.0222   45.103       67.28824
  117   0.0224   44.718       58.30408 0.0224   44.718       62.77936
  118   0.0226   44.339       67.31232 0.0226   44.339       63.36823
  119   0.0227   43.966       66.23932 0.0227   43.966       70.96719
  120   0.0229   43.600       63.58960 0.0229   43.600       69.83844
  121   0.0231   43.240       55.69318 0.0231   43.240       58.67899
  122   0.0233   42.885       45.81775 0.0233   42.885       48.43378
  123   0.0235   42.537       44.77954 0.0235   42.537       44.08575
  124   0.0237   42.194       46.94513 0.0237   42.194       40.46338
  125   0.0239   41.856       43.68182 0.0239   41.856       32.45993
  126   0.0241   41.524       43.48828 0.0241   41.524       26.10983
  127   0.0243   41.197       44.47064 0.0243   41.197       26.82825
  128   0.0245   40.875       37.05927 0.0245   40.875       30.57175
  129   0.0247   40.558       30.29993 0.0247   40.558       33.16782
  130   0.0248   40.246       30.81390 0.0248   40.246       32.14618
  131   0.0250   39.939       34.28998 0.0250   39.939       27.40741
  132   0.0252   39.636       35.38641 0.0252   39.636       21.35083
  133   0.0254   39.338       31.08527 0.0254   39.338       16.42300
  134   0.0256   39.045       24.70770 0.0256   39.045       14.69202
  135   0.0258   38.756       22.26251 0.0258   38.756       15.98465
  136   0.0260   38.471       25.22534 0.0260   38.471       18.98080
  137   0.0262   38.190       27.07544 0.0262   38.190       21.81052
  138   0.0264   37.913       25.11749 0.0264   37.913       23.79803
  139   0.0266   37.640       23.70300 0.0266   37.640       24.92175
  140   0.0268   37.371       21.26532 0.0268   37.371       22.31094
  141   0.0269   37.106       15.92047 0.0269   37.106       16.49062
  142   0.0271   36.845       11.40289 0.0271   36.845       13.99365
  143   0.0273   36.587        9.42682 0.0273   36.587       15.99239
  144   0.0275   36.333        8.89407 0.0275   36.333       16.01898
  145   0.0277   36.083        8.49857 0.0277   36.083       12.71429
  146   0.0279   35.836        8.18619 0.0279   35.836       11.00597
  147   0.0281   35.592        8.34402 0.0281   35.592       11.27939
  148   0.0283   35.351        7.82831 0.0283   35.351       10.52495
  149   0.0285   35.114        7.17096 0.0285   35.114        8.98627
  150   0.0287   34.880        7.60034 0.0287   34.880        7.78734
  151   0.0289   34.649        8.22931 0.0289   34.649        6.99825
  152   0.0291   34.421        8.27756 0.0291   34.421        7.17201
  153   0.0292   34.196        7.62781 0.0292   34.196        7.96898
  154   0.0294   33.974        6.77472 0.0294   33.974        7.88452
  155   0.0296   33.755        6.06244 0.0296   33.755        7.21646
  156   0.0298   33.538        5.48062 0.0298   33.538        6.77856
  157   0.0300   33.325        5.20038 0.0300   33.325        5.73738
  158   0.0302   33.114        4.76047 0.0302   33.114        4.33241
  159   0.0304   32.906        3.75925 0.0304   32.906        3.82471
  160   0.0306   32.700        2.76279 0.0306   32.700        3.95897
  161   0.0308   32.497        2.26236 0.0308   32.497        3.77934
  162   0.0310   32.296        2.03055 0.0310   32.296        3.30281
  163   0.0312   32.098        1.93625 0.0312   32.098        3.00233
  164   0.0313   31.902        1.86053 0.0313   31.902        2.87247
  165   0.0315   31.709        1.66251 0.0315   31.709        2.76810
  166   0.0317   31.518        1.59586 0.0317   31.518        2.74942
  167   0.0319   31.329        1.71121 0.0319   31.329        2.79016
  168   0.0321   31.143        1.71899 0.0321   31.143        2.70236
  169   0.0323   30.959        1.48013 0.0323   30.959        2.48016
  170   0.0325   30.776        1.19257 0.0325   30.776        2.32965
  171   0.0327   30.596        1.07794 0.0327   30.596        2.31226
  172   0.0329   30.419        1.10056 0.0329   30.419        2.29523
  173   0.0331   30.243        1.13168 0.0331   30.243        2.21155
  174   0.0333   30.069        1.05084 0.0333   30.069        2.09546
  175   0.0334   29.897        0.83157 0.0334   29.897        1.98981
  176   0.0336   29.727        0.61084 0.0336   29.727        1.92627
  177   0.0338   29.559        0.51727 0.0338   29.559        1.90540
  178   0.0340   29.393        0.51270 0.0340   29.393        1.91373
  179   0.0342   29.229        0.46820 0.0342   29.229        1.94540
  180   0.0344   29.067        0.37299 0.0344   29.067        1.95776
  181   0.0346   28.906        0.29984 0.0346   28.906        1.90393
  182   0.0348   28.747        0.25058 0.0348   28.747        1.82291
  183   0.0350   28.590        0.24261 0.0350   28.590        1.78839
  184   0.0352   28.435        0.29041 0.0352   28.435        1.79073
  185   0.0354   28.281        0.32886 0.0354   28.281        1.77686
  186   0.0356   28.129        0.33820 0.0356   28.129        1.75465
  187   0.0357   27.979        0.32437 0.0357   27.979        1.74326
  188   0.0359   27.830        0.26596 0.0359   27.830        1.73254
  189   0.0361   27.683        0.20169 0.0361   27.683        1.73914
  190   0.0363   27.537        0.17148 0.0363   27.537        1.76115
  191   0.0365   27.393        0.15692 0.0365   27.393        1.75795
  192   0.0367   27.250        0.14731 0.0367   27.250        1.73872
  193   0.0369   27.109        0.17175 0.0369   27.109        1.74179
  194   0.0371   26.969        0.23584 0.0371   26.969        1.75264
  195   0.0373   26.831        0.25479 0.0373   26.831        1.75049
  196   0.0375   26.694        0.20105 0.0375   26.694        1.74724
  197   0.0377   26.558        0.16168 0.0377   26.558        1.74445
  198   0.0378   26.424        0.15564 0.0378   26.424        1.73785
  199   0.0380   26.291        0.15179 0.0380   26.291        1.73488
  200   0.0382   26.160        0.15399 0.0382   26.160        1.72375
  201   0.0384   26.030        0.22321 0.0384   26.030        1.69908
  202   0.0386   25.901        0.38672 0.0386   25.901        1.68956
  203   0.0388   25.773        0.45493 0.0388   25.773        1.69899
  204   0.0390   25.647        0.32950 0.0390   25.647        1.69991
  205   0.0392   25.522        0.20187 0.0392   25.522        1.68800
  206   0.0394   25.398        0.16690 0.0394   25.398        1.67693
  207   0.0396   25.275        0.16425 0.0396   25.275        1.67157
  208   0.0398   25.154        0.16351 0.0398   25.154        1.67015
  209   0.0399   25.033        0.16324 0.0399   25.033        1.67697
  210   0.0401   24.914        0.15729 0.0401   24.914        1.68965
  211   0.0403   24.796        0.13898 0.0403   24.796        1.69373
  212   0.0405   24.679        0.12057 0.0405   24.679        1.68983
  213   0.0407   24.563        0.11874 0.0407   24.563        1.68681
  214   0.0409   24.449        0.11499 0.0409   24.449        1.68146
  215   0.0411   24.335        0.12094 0.0411   24.335        1.67271
  216   0.0413   24.222        0.24500 0.0413   24.222        1.67102
  217   0.0415   24.111        0.80621 0.0415   24.111        1.68164
  218   0.0417   24.000        1.66663 0.0417   24.000        1.68448
  219   0.0419   23.890        1.74655 0.0419   23.890        1.66676
  220   0.0420   23.782        0.91864 0.0420   23.782        1.65335
  221   0.0422   23.674        0.29828 0.0422   23.674        1.65527
  222   0.0424   23.568        0.16278 0.0424   23.568        1.65935
  223   0.0426   23.462        0.15024 0.0426   23.462        1.66241
  224   0.0428   23.357        0.15472 0.0428   23.357        1.66237
  225   0.0430   23.253        0.15372 0.0430   23.253        1.65633
  226   0.0432   23.150        0.14484 0.0432   23.150        1.64667
  227   0.0434   23.048        0.14236 0.0434   23.048        1.63971
  228   0.0436   22.947        0.14337 0.0436   22.947        1.64099
  229   0.0438   22.847        0.14319 0.0438   22.847        1.64456
  230   0.0440   22.748        0.14273 0.0440   22.748        1.64218
  231   0.0442   22.649        0.14310 0.0442   22.649        1.64204
  232   0.0443   22.552        0.14227 0.0443   22.552        1.64850
  233   0.0445   22.455        0.13586 0.0445   22.455        1.64639
  234   0.0447   22.359        0.11984 0.0447   22.359        1.63509
  235   0.0449   22.264        0.10538 0.0449   22.264        1.62744
  236   0.0451   22.169        0.10135 0.0451   22.169        1.62708
  237   0.0453   22.076        0.10126 0.0453   22.076        1.62927
  238   0.0455   21.983        0.09851 0.0455   21.983        1.62923
  239   0.0457   21.891        0.09842 0.0457   21.891        1.62968
  240   0.0459   21.800        0.10730 0.0459   21.800        1.62918
  241   0.0461   21.710        0.11838 0.0461   21.710        1.61778
  242   0.0463   21.620        0.11993 0.0463   21.620        1.60428
  243   0.0464   21.531        0.11316 0.0464   21.531        1.60799
  244   0.0466   21.443        0.11069 0.0466   21.443        1.61911
  245   0.0468   21.355        0.12012 0.0468   21.355        1.61627
  246   0.0470   21.268        0.13275 0.0470   21.268        1.60931
  247   0.0472   21.182        0.14136 0.0472   21.182        1.61728
  248   0.0474   21.097        0.14502 0.0474   21.097        1.62405
  249   0.0476   21.012        0.13678 0.0476   21.012        1.61449
  250   0.0478   20.928        0.11801 0.0478   20.928        1.60913
  251   0.0480   20.845        0.10217 0.0480   20.845        1.60995
  252   0.0482   20.762        0.10455 0.0482   20.762        1.60538
  253   0.0484   20.680        0.11115 0.0484   20.680        1.60341
  254   0.0485   20.598        0.10172 0.0485   20.598        1.60519
  255   0.0487   20.518        0.08954 0.0487   20.518        1.60236
  256   0.0489   20.438        0.09412 0.0489   20.438        1.59888
  257   0.0491   20.358        0.11041 0.0491   20.358        1.60144
  258   0.0493   20.279        0.12012 0.0493   20.279        1.61142
  259   0.0495   20.201        0.11407 0.0495   20.201        1.62373
  260   0.0497   20.123        0.10437 0.0497   20.123        1.62387
  261   0.0499   20.046        0.10226 0.0499   20.046        1.61000
  262   0.0501   19.969        0.10638 0.0501   19.969        1.59732
  263   0.0503   19.894        0.11078 0.0503   19.894        1.59215
  264   0.0505   19.818        0.11124 0.0505   19.818        1.58945
  265   0.0506   19.743        0.10648 0.0506   19.743        1.58423
  266   0.0508   19.669        0.10007 0.0508   19.669        1.58359
  267   0.0510   19.596        0.09604 0.0510   19.596        1.59590
  268   0.0512   19.522        0.09338 0.0512   19.522        1.60913
  269   0.0514   19.450        0.09384 0.0514   19.450        1.60519
  270   0.0516   19.378        0.09723 0.0516   19.378        1.59082
  271   0.0518   19.306        0.10199 0.0518   19.306        1.58675
  272   0.0520   19.235        0.10767 0.0520   19.235        1.59366
  273   0.0522   19.165        0.11298 0.0522   19.165        1.59549
  274   0.0524   19.095        0.12396 0.0524   19.095        1.58730
  275   0.0526   19.025        0.13605 0.0526   19.025        1.58588
  276   0.0528   18.957        0.13348 0.0528   18.957        1.59380
  277   0.0529   18.888        0.12122 0.0529   18.888        1.58917
  278   0.0531   18.820        0.10886 0.0531   18.820        1.57132
  279   0.0533   18.753        0.09998 0.0533   18.753        1.56143
  280   0.0535   18.686        0.08688 0.0535   18.686        1.56908
  281   0.0537   18.619        0.07169 0.0537   18.619        1.58093
  282   0.0539   18.553        0.06464 0.0539   18.553        1.57750
  283   0.0541   18.488        0.07104 0.0541   18.488        1.56660
  284   0.0543   18.423        0.08212 0.0543   18.423        1.57397
  285   0.0545   18.358        0.08826 0.0545   18.358        1.59558
  286   0.0547   18.294        0.08423 0.0547   18.294        1.60107
  287   0.0549   18.230        0.08102 0.0549   18.230        1.58441
  288   0.0550   18.167        0.09302 0.0550   18.167        1.56638
  289   0.0552   18.104        0.11243 0.0552   18.104        1.56125
  290   0.0554   18.041        0.12231 0.0554   18.041        1.56931
  291   0.0556   17.979        0.11591 0.0556   17.979        1.58057
  292   0.0558   17.918        0.10144 0.0558   17.918        1.58368
  293   0.0560   17.857        0.09018 0.0560   17.857        1.58130
  294   0.0562   17.796        0.08954 0.0562   17.796        1.57649
  295   0.0564   17.736        0.09247 0.0564   17.736        1.57018
  296   0.0566   17.676        0.09357 0.0566   17.676        1.57246
  297   0.0568   17.616        0.09677 0.0568   17.616        1.58299
  298   0.0570   17.557        0.09467 0.0570   17.557        1.58707
  299   0.0571   17.498        0.08148 0.0571   17.498        1.57864
  300   0.0573   17.440        0.07251 0.0573   17.440        1.57150
  301   0.0575   17.382        0.07654 0.0575   17.382        1.58052
  302   0.0577   17.325        0.08267 0.0577   17.325        1.58945
  303   0.0579   17.267        0.08313 0.0579   17.267        1.58432
  304   0.0581   17.211        0.08478 0.0581   17.211        1.57320
  305   0.0583   17.154        0.09073 0.0583   17.154        1.55942
  306   0.0585   17.098        0.09650 0.0585   17.098        1.54724
  307   0.0587   17.042        0.09155 0.0587   17.042        1.54472
  308   0.0589   16.987        0.08084 0.0589   16.987        1.54999
  309   0.0591   16.932        0.07288 0.0591   16.932        1.55713
  310   0.0593   16.877        0.06409 0.0593   16.877        1.56326
  311   0.0594   16.823        0.05594 0.0594   16.823        1.56802
  312   0.0596   16.769        0.05127 0.0596   16.769        1.56917
  313   0.0598   16.716        0.05237 0.0598   16.716        1.56226
  314   0.0600   16.662        0.06006 0.0600   16.662        1.55063
  315   0.0602   16.610        0.07114 0.0602   16.610        1.54198
  316   0.0604   16.557        0.08478 0.0604   16.557        1.53598
  317   0.0606   16.505        0.09805 0.0606   16.505        1.53488
  318   0.0608   16.453        0.10144 0.0608   16.453        1.54147
  319   0.0610   16.401        0.09393 0.0610   16.401        1.55136
  320   0.0612   16.350        0.09036 0.0612   16.350        1.55612
  321   0.0614   16.299        0.09082 0.0614   16.299        1.55461
  322   0.0615   16.248        0.08185 0.0615   16.248        1.55438
  323   0.0617   16.198        0.06857 0.0617   16.198        1.55933
  324   0.0619   16.148        0.06702 0.0619   16.148        1.56171
  325   0.0621   16.098        0.07828 0.0621   16.098        1.55388
  326   0.0623   16.049        0.08972 0.0623   16.049        1.54221
  327   0.0625   16.000        0.09778 0.0625   16.000        1.53429
  328   0.0627   15.951        0.10950 0.0627   15.951        1.53113
  329   0.0629   15.903        0.12012 0.0629   15.903        1.53488
  330   0.0631   15.855        0.11902 0.0631   15.855        1.54504
  331   0.0633   15.807        0.11206 0.0633   15.807        1.55127
  332   0.0635   15.759        0.10437 0.0635   15.759        1.54971
  333   0.0636   15.712        0.09146 0.0636   15.712        1.54898
  334   0.0638   15.665        0.07773 0.0638   15.665        1.54816
  335   0.0640   15.618        0.06757 0.0640   15.618        1.54358
  336   0.0642   15.571        0.06372 0.0642   15.571        1.53882
  337   0.0644   15.525        0.06921 0.0644   15.525        1.54065
  338   0.0646   15.479        0.07974 0.0646   15.479        1.54774
  339   0.0648   15.434        0.08368 0.0648   15.434        1.55141
  340   0.0650   15.388        0.08203 0.0650   15.388        1.54884
  341   0.0652   15.343        0.08020 0.0652   15.343        1.54330
  342   0.0654   15.298        0.08203 0.0654   15.298        1.53745
  343   0.0656   15.254        0.09283 0.0656   15.254        1.53374
  344   0.0657   15.209        0.10107 0.0657   15.209        1.53598
  345   0.0659   15.165        0.09659 0.0659   15.165        1.53854
  346   0.0661   15.121        0.09174 0.0661   15.121        1.54239
  347   0.0663   15.078        0.09586 0.0663   15.078        1.54944
  348   0.0665   15.034        0.10089 0.0665   15.034        1.55113
  349   0.0667   14.991        0.10519 0.0667   14.991        1.54234
  350   0.0669   14.949        0.10986 0.0669   14.949        1.53342
  351   0.0671   14.906        0.11572 0.0671   14.906        1.53566
  352   0.0673   14.864        0.12314 0.0673   14.864        1.54326
  353   0.0675   14.822        0.13092 0.0675   14.822        1.54065
  354   0.0677   14.780        0.12708 0.0677   14.780        1.52911
  355   0.0679   14.738        0.11060 0.0679   14.738        1.52380
  356   0.0680   14.697        0.08752 0.0680   14.697        1.53003
  357   0.0682   14.655        0.06940 0.0682   14.655        1.53685
  358   0.0684   14.615        0.06775 0.0684   14.615        1.53813
  359   0.0686   14.574        0.07974 0.0686   14.574        1.53891
  360   0.0688   14.533        0.08963 0.0688   14.533        1.53722
  361   0.0690   14.493        0.08643 0.0690   14.493        1.53465
  362   0.0692   14.453        0.07397 0.0692   14.453        1.54102
  363   0.0694   14.413        0.06555 0.0694   14.413        1.54999
  364   0.0696   14.374        0.06400 0.0696   14.374        1.54807
  365   0.0698   14.334        0.06555 0.0698   14.334        1.53983
  366   0.0700   14.295        0.06674 0.0700   14.295        1.53241
  367   0.0701   14.256        0.06784 0.0701   14.256        1.52518
  368   0.0703   14.217        0.07635 0.0703   14.217        1.52097
  369   0.0705   14.179        0.08771 0.0705   14.179        1.52216
  370   0.0707   14.141        0.08624 0.0707   14.141        1.52600
  371   0.0709   14.102        0.07306 0.0709   14.102        1.53003
  372   0.0711   14.065        0.07260 0.0711   14.065        1.53781
  373   0.0713   14.027        0.08478 0.0713   14.027        1.54807
  374   0.0715   13.989        0.09430 0.0715   13.989        1.55017
  375   0.0717   13.952        0.09357 0.0717   13.952        1.54633
  376   0.0719   13.915        0.09302 0.0719   13.915        1.54614
  377   0.0721   13.878        0.09256 0.0721   13.878        1.54706
  378   0.0722   13.841        0.08551 0.0722   13.841        1.54230
  379   0.0724   13.805        0.07837 0.0724   13.805        1.53259
  380   0.0726   13.768        0.07736 0.0726   13.768        1.52252
  381   0.0728   13.732        0.07782 0.0728   13.732        1.51712
  382   0.0730   13.696        0.06720 0.0730   13.696        1.51859
  383   0.0732   13.661        0.05438 0.0732   13.661        1.52518
  384   0.0734   13.625        0.05576 0.0734   13.625        1.52957
  385   0.0736   13.590        0.06775 0.0736   13.590        1.52802
  386   0.0738   13.554        0.07892 0.0738   13.554        1.52696
  387   0.0740   13.519        0.08405 0.0740   13.519        1.52669
  388   0.0742   13.485        0.08807 0.0742   13.485        1.52545
  389   0.0744   13.450        0.09201 0.0744   13.450        1.52637
  390   0.0745   13.415        0.09064 0.0745   13.415        1.52765
  391   0.0747   13.381        0.08203 0.0747   13.381        1.52380
  392   0.0749   13.347        0.07068 0.0749   13.347        1.51767
  393   0.0751   13.313        0.06427 0.0751   13.313        1.51785
  394   0.0753   13.279        0.06454 0.0753   13.279        1.52829
  395   0.0755   13.246        0.06372 0.0755   13.246        1.53886
  396   0.0757   13.212        0.06473 0.0757   13.212        1.54129
  397   0.0759   13.179        0.07141 0.0759   13.179        1.53790
  398   0.0761   13.146        0.08112 0.0761   13.146        1.53571
  399   0.0763   13.113        0.08496 0.0763   13.113        1.53328
  400   0.0765   13.080        0.07874 0.0765   13.080        1.52948
  401   0.0766   13.047        0.06921 0.0766   13.047        1.52765
  402   0.0768   13.015        0.06317 0.0768   13.015        1.52966
  403   0.0770   12.983        0.06244 0.0770   12.983        1.53268
  404   0.0772   12.950        0.06445 0.0772   12.950        1.53506
  405   0.0774   12.919        0.06372 0.0774   12.919        1.53854
  406   0.0776   12.887        0.05328 0.0776   12.887        1.53891
  407   0.0778   12.855        0.04147 0.0778   12.855        1.53319
  408   0.0780   12.824        0.03992 0.0780   12.824        1.52884
  409   0.0782   12.792        0.05530 0.0782   12.792        1.53136
  410   0.0784   12.761        0.07141 0.0784   12.761        1.53214
  411   0.0786   12.730        0.07498 0.0786   12.730        1.52550
  412   0.0787   12.699        0.06866 0.0787   12.699        1.51300
  413   0.0789   12.668        0.06757 0.0789   12.668        1.50192
  414   0.0791   12.638        0.07690 0.0791   12.638        1.50494
  415   0.0793   12.607        0.08459 0.0793   12.607        1.52280
  416   0.0795   12.577        0.08496 0.0795   12.577        1.53506
  417   0.0797   12.547        0.07974 0.0797   12.547        1.53543
  418   0.0799   12.517        0.07892 0.0799   12.517        1.53827
  419   0.0801   12.487        0.07910 0.0801   12.487        1.54340
  420   0.0803   12.457        0.07242 0.0803   12.457        1.53809
  421   0.0805   12.428        0.06528 0.0805   12.428        1.52174
  422   0.0807   12.398        0.06592 0.0807   12.398        1.50961
  423   0.0808   12.369        0.07031 0.0808   12.369        1.51318
  424   0.0810   12.340        0.07581 0.0810   12.340        1.52646
  425   0.0812   12.311        0.07910 0.0812   12.311        1.53342
  426   0.0814   12.282        0.07709 0.0814   12.282        1.52765
  427   0.0816   12.253        0.07590 0.0816   12.253        1.51932
  428   0.0818   12.224        0.07617 0.0818   12.224        1.51909
  429   0.0820   12.196        0.07306 0.0820   12.196        1.52234
  430   0.0822   12.167        0.07196 0.0822   12.167        1.52541
  431   0.0824   12.139        0.07782 0.0824   12.139        1.53104
  432   0.0826   12.111        0.08377 0.0826   12.111        1.53726
  433   0.0828   12.083        0.08386 0.0828   12.083        1.54056
  434   0.0830   12.055        0.08459 0.0830   12.055        1.53918
  435   0.0831   12.028        0.08295 0.0831   12.028        1.53415
  436   0.0833   12.000        0.07892 0.0833   12.000        1.53113



     cross-cov. btwn  1 and 2          droped lag;    0

  no.        cr-cov. 12        cr-cov.21        ---even---        ----odd---
    0         -54.14319         -54.14319
    1         -51.72467         -55.43471
    2         -48.47585         -55.55285
    3         -44.83043         -54.59794
    4         -41.27025         -52.78134
    5         -38.18688         -50.37194
    6         -35.78219         -47.65394
    7         -34.05790         -44.89314
    8         -32.87984         -42.30314
    9         -32.07506         -40.02039
   10         -31.50225         -38.10324
   11         -31.07706         -36.55828
   12         -30.75879         -35.36997
   13         -30.52468         -34.51738
   14         -30.35231         -33.96871
   15         -30.21355         -33.66907
   16         -30.07732         -33.54273
   17         -29.91314         -33.51389
   18         -29.69399         -33.53318
   19         -29.40254         -33.58998
   20         -29.04220         -33.70123
   21         -28.64575         -33.88707
   22         -28.26996         -34.15377
   23         -27.97516         -34.48924
   24         -27.79758         -34.87254
   25         -27.72935         -35.28205
   26         -27.71813         -35.69548
   27         -27.68986         -36.08472
   28         -27.58278         -36.41760
   29         -27.37696         -36.66739
   30         -27.09841         -36.82702
   31         -26.80052         -36.91742
   32         -26.53315         -36.97960
   33         -26.31650         -37.05645
   34         -26.13591         -37.17440
   35         -25.95418         -37.33606
   36         -25.73511         -37.52538
   37         -25.45758         -37.72047
   38         -25.11928         -37.90376
   39         -24.73079         -38.06536
   40         -24.30951         -38.20178
   41         -23.87958         -38.31432
   42         -23.47257         -38.40779
   43         -23.12730         -38.49159
   44         -22.88401         -38.57397
   45         -22.77252         -38.65485
   46         -22.80402         -38.71976
   47         -22.96881         -38.74082
   48         -23.24094         -38.68901
   49         -23.58595         -38.55414
   50         -23.96669         -38.35951
   51         -24.34816         -38.16258
   52         -24.70117         -38.03550
   53         -25.00316         -38.03621
   54         -25.23471         -38.18486
   55         -25.37715         -38.45773
   56         -25.41471         -38.80124
   57         -25.33993         -39.15465
   58         -25.16066         -39.47066
   59         -24.90225         -39.72115
   60         -24.60182         -39.89316
   61         -24.29633         -39.97947
   62         -24.00874         -39.97434
   63         -23.73969         -39.87839
   64         -23.46936         -39.70536
   65         -23.16957         -39.48592
   66         -22.81525         -39.25969
   67         -22.39495         -39.06090
   68         -21.91696         -38.90241
   69         -21.40625         -38.77298
   70         -20.89823         -38.64762
   71         -20.42984         -38.50715
   72         -20.03157         -38.35737
   73         -19.72185         -38.23229
   74         -19.50599         -38.18033
   75         -19.37601         -38.23931
   76         -19.31670         -38.41149
   77         -19.30863         -38.65435
   78         -19.32784         -38.89031
   79         -19.34780         -39.03394
   80         -19.34529         -39.02599
   81         -19.30996         -38.85823
   82         -19.24768         -38.58146
   83         -19.17415         -38.29086
   84         -19.10235         -38.09206
   85         -19.02907         -38.06155
   86         -18.92991         -38.21731
   87         -18.76818         -38.51279
   88         -18.51049         -38.85727
   89         -18.14428         -39.15377
   90         -17.68688         -39.33639
   91         -17.18318         -39.38994
   92         -16.69199         -39.34628
   93         -16.26802         -39.26143
   94         -15.94358         -39.18963
   95         -15.71940         -39.16367
   96         -15.57012         -39.19019
   97         -15.46025         -39.25637
   98         -15.36432         -39.34052
   99         -15.27836         -39.42255
  100         -15.21705         -39.49099
  101         -15.19958         -39.54469
  102         -15.23328         -39.59383
  103         -15.30632         -39.65670
  104         -15.38985         -39.75433
  105         -15.44755         -39.90150
  106         -15.44348         -40.09803
  107         -15.35293         -40.32512
  108         -15.17129         -40.54642
  109         -14.92017         -40.71851
  110         -14.64540         -40.80388
  111         -14.40091         -40.78469
  112         -14.22619         -40.66816
  113         -14.12714         -40.48336
  114         -14.07382         -40.26940
  115         -14.01738         -40.06134
  116         -13.91998         -39.88147
  117         -13.77895         -39.73828
  118         -13.62706         -39.63317
  119         -13.51435         -39.56818
  120         -13.47900         -39.54691
  121         -13.52658         -39.57190
  122         -13.62755         -39.64063
  123         -13.73345         -39.74503
  124         -13.79805         -39.87380
  125         -13.79507         -40.01892
  126         -13.71934         -40.17507
  127         -13.58035         -40.33587
  128         -13.39317         -40.49115
  129         -13.17382         -40.62762
  130         -12.93804         -40.73611
  131         -12.70094         -40.81866
  132         -12.47549         -40.88957
  133         -12.26916         -40.96824
  134         -12.08240         -41.06798
  135         -11.91031         -41.18886
  136         -11.74766         -41.32061
  137         -11.59259         -41.45167
  138         -11.44247         -41.57658
  139         -11.29005         -41.69771
  140         -11.12241         -41.81618
  141         -10.92706         -41.92416
  142         -10.70404         -42.00191
  143         -10.46912         -42.02879
  144         -10.25019         -41.99625
  145         -10.07156         -41.92107
  146          -9.94007         -41.84431
  147          -9.83997         -41.81337
  148          -9.74129         -41.86056
  149          -9.61535         -41.98790
  150          -9.44479         -42.16881
  151          -9.22705         -42.36780
  152          -8.96825         -42.55847
  153          -8.67421         -42.73334
  154          -8.34370         -42.89463
  155          -7.96882         -43.03522
  156          -7.54378         -43.12456
  157          -7.07537         -43.11254
  158          -6.58818         -42.94888
  159          -6.12098         -42.60903
  160          -5.71477         -42.11009
  161          -5.39834         -41.50866
  162          -5.17829         -40.88150
  163          -5.03741         -40.30328
  164          -4.94370         -39.82582
  165          -4.86043         -39.47148
  166          -4.75770         -39.23428
  167          -4.61999         -39.08858
  168          -4.44878         -38.99966
  169          -4.25742         -38.93584
  170          -4.06230         -38.87873
  171          -3.87072         -38.82447
  172          -3.67696         -38.77683
  173          -3.46256         -38.73595
  174          -3.20586         -38.69308
  175          -2.89320         -38.63474
  176          -2.52815         -38.55345
  177          -2.13038         -38.45258
  178          -1.72846         -38.34408
  179          -1.34958         -38.23708
  180          -1.01225         -38.13316
  181          -0.72572         -38.02951
  182          -0.48988         -37.92730
  183          -0.29684         -37.83448
  184          -0.13192         -37.76173
  185           0.02361         -37.71437
  186           0.18669         -37.68977
  187           0.36555         -37.68624
  188           0.55239         -37.71096
  189           0.72528         -37.78518
  190           0.86060         -37.93298
  191           0.94824         -38.16669
  192           1.00377         -38.47384
  193           1.06701         -38.81719
  194           1.18842         -39.14727
  195           1.40927         -39.41918
  196           1.74292         -39.60606
  197           2.16716         -39.70154
  198           2.62892         -39.71183
  199           3.06537         -39.64317
  200           3.42809         -39.49272
  201           3.70176         -39.25081
  202           3.90742         -38.91248
  203           4.08981         -38.49287
  204           4.29342         -38.03413
  205           4.54218         -37.59771
  206           4.83041         -37.24226
  207           5.13080         -37.00101
  208           5.41169         -36.86760
  209           5.65647         -36.80156
  210           5.86937         -36.75112
  211           6.06935         -36.68043
  212           6.27319         -36.58696
  213           6.48081         -36.50232
  214           6.67301         -36.47385
  215           6.82060         -36.53945
  216           6.90197         -36.70831
  217           6.91892         -36.95524
  218           6.90493         -37.23001
  219           6.91817         -37.47606
  220           7.02287         -37.64825
  221           7.26406         -37.72144
  222           7.64719         -37.69305
  223           8.13414         -37.57730
  224           8.65834         -37.39754
  225           9.15366         -37.17795
  226           9.58086         -36.93827
  227           9.93461         -36.69058
  228          10.23134         -36.44124
  229          10.48895         -36.19525
  230          10.71327         -35.95990
  231          10.89824         -35.74509
  232          11.03515         -35.55805
  233          11.12065         -35.40024
  234          11.16195         -35.26686
  235          11.17366         -35.15073
  236          11.17471         -35.04782
  237          11.18505         -34.96025
  238          11.22247         -34.89157
  239          11.29580         -34.83931
  240          11.39953         -34.79085
  241          11.51391         -34.72645
  242          11.61475         -34.63231
  243          11.68592         -34.51244
  244          11.72959         -34.39367
  245          11.76745         -34.31809
  246          11.83184         -34.32467
  247          11.95283         -34.43160
  248          12.14504         -34.62757
  249          12.40111         -34.87669
  250          12.69308         -35.13281
  251          12.98295         -35.35582
  252          13.23738         -35.52385
  253          13.44136         -35.63653
  254          13.60132         -35.71341
  255          13.73930         -35.78256
  256          13.87954         -35.86783
  257          14.04013         -35.97472
  258          14.23118         -36.08271
  259          14.46202         -36.15063
  260          14.74594         -36.13091
  261          15.09927         -35.99102
  262          15.53144         -35.72806
  263          16.03224         -35.36992
  264          16.56894         -34.95906
  265          17.09264         -34.53200
  266          17.55500         -34.10472
  267          17.92582         -33.67379
  268          18.20182         -33.23335
  269          18.40564         -32.79612
  270          18.57230         -32.40283
  271          18.73160         -32.11264
  272          18.89567         -31.97384
  273          19.05634         -31.99567
  274          19.19289         -32.13608
  275          19.28383         -32.31654
  276          19.31637         -32.45493
  277          19.28980         -32.50068
  278          19.21351         -32.45113
  279          19.09949         -32.34534
  280          18.95733         -32.23976
  281          18.79226         -32.18161
  282          18.61060         -32.19102
  283          18.42340         -32.25961
  284          18.25266         -32.36052
  285          18.12949         -32.46434
  286          18.08654         -32.54997
  287          18.14405         -32.60794
  288          18.29715         -32.63487
  289          18.51370         -32.62696
  290          18.74597         -32.57872
  291          18.94906         -32.48695
  292          19.09989         -32.35767
  293          19.20451         -32.21071
  294          19.29265         -32.07706
  295          19.40206         -31.98965
  296          19.56095         -31.97045
  297          19.78073         -32.01885
  298          20.05698         -32.10685
  299          20.37792         -32.18356
  300          20.73293         -32.19008
  301          21.11233         -32.07889
  302          21.50327         -31.83187
  303          21.88488         -31.46584
  304          22.22806         -31.02615
  305          22.50665         -30.57000
  306          22.70979         -30.14787
  307          22.85027         -29.79066
  308          22.96011         -29.50510
  309          23.07728         -29.27758
  310          23.22995         -29.08592
  311          23.42887         -28.91461
  312          23.66774         -28.76489
  313          23.93292         -28.65385
  314          24.21358         -28.59939
  315          24.50439         -28.60049
  316          24.80198         -28.62538
  317          25.09811         -28.62157
  318          25.37579         -28.54141
  319          25.61422         -28.36862
  320          25.79881         -28.12713
  321          25.93052         -27.86576
  322          26.02674         -27.62909
  323          26.11357         -27.43219
  324          26.21603         -27.25504
  325          26.35110         -27.05733
  326          26.52344         -26.80164
  327          26.72440         -26.47028
  328          26.93355         -26.06963
  329          27.12492         -25.62333
  330          27.27897         -25.15995
  331          27.39150         -24.70355
  332          27.47722         -24.26868
  333          27.56245         -23.85907
  334          27.67080         -23.47259
  335          27.80978         -23.10663
  336          27.96783         -22.76598
  337          28.12142         -22.46366
  338          28.24928         -22.21548
  339          28.34443         -22.02679
  340          28.41563         -21.88470
  341          28.48325         -21.75834
  342          28.56831         -21.61464
  343          28.68205         -21.43745
  344          28.82179         -21.23857
  345          28.97424         -21.05253
  346          29.12319         -20.91726
  347          29.25638         -20.84951
  348          29.36917         -20.83106
  349          29.46181         -20.81307
  350          29.53462         -20.73811
  351          29.58220         -20.56681
  352          29.59179         -20.29729
  353          29.54683         -19.96692
  354          29.43601         -19.63807
  355          29.26427         -19.37536
  356          29.06007         -19.22596
  357          28.87168         -19.20941
  358          28.75127         -19.31758
  359          28.73560         -19.52059
  360          28.83124         -19.77380
  361          29.01590         -20.02822
  362          29.25459         -20.23909
  363          29.51969         -20.37483
  364          29.80398         -20.42175
  365          30.11544         -20.38206
  366          30.46084         -20.26760
  367          30.82808         -20.09436
  368          31.18130         -19.87947
  369          31.47336         -19.64300
  370          31.66660         -19.40900
  371          31.75091         -19.20305
  372          31.74634         -19.04617
  373          31.69127         -18.94903
  374          31.62384         -18.90919
  375          31.56956         -18.90993
  376          31.54323         -18.92213
  377          31.55608         -18.90777
  378          31.61907         -18.82874
  379          31.73895         -18.65874
  380          31.90789         -18.39543
  381          32.09816         -18.06433
  382          32.26810         -17.71023
  383          32.37583         -17.37842
  384          32.39294         -17.09832
  385          32.31139         -16.87560
  386          32.14197         -16.69882
  387          31.90842         -16.55241
  388          31.64205         -16.42632
  389          31.38090         -16.31798
  390          31.16649         -16.22893
  391          31.03759         -16.16087
  392          31.02063         -16.11536
  393          31.12409         -16.09502
  394          31.33534         -16.10146
  395          31.62352         -16.12866
  396          31.94782         -16.15704
  397          32.26605         -16.15355
  398          32.54471         -16.08360
  399          32.76613         -15.92752
  400          32.93233         -15.69398
  401          33.06247         -15.41957
  402          33.18235         -15.15194
  403          33.30818         -14.92655
  404          33.43663         -14.74830
  405          33.54544         -14.59284
  406          33.60788         -14.42664
  407          33.60971         -14.23479
  408          33.55819         -14.03773
  409          33.47688         -13.88628
  410          33.38812         -13.83464
  411          33.30123         -13.91027
  412          33.21123         -14.09630
  413          33.11372         -14.33620
  414          33.01726         -14.55870
  415          32.94677         -14.70403
  416          32.93455         -14.74175
  417          33.00325         -14.66994
  418          33.15742         -14.50316
  419          33.38091         -14.26064
  420          33.64290         -13.95791
  421          33.90729         -13.60766
  422          34.14057         -13.22114
  423          34.31927         -12.80910
  424          34.43490         -12.38041
  425          34.49255         -11.94430
  426          34.50206         -11.51374
  427          34.46696         -11.10840
  428          34.37883         -10.75335
  429          34.21916         -10.47344
  430          33.97090         -10.28658
  431          33.63387         -10.19940
  432          33.23626         -10.20772
  433          32.83395         -10.29792
  434          32.49506         -10.44953
  435          32.27713         -10.63499
  436          32.20620         -10.82242



     cross-spectrum btwn     1  and    2

  no.      freq.      period     coherency     phase     Gain relative to 2
    0           -infinite-     0.0021933---zero---     0.0035892
    1    0.00019  5232.00000     0.7359639   168.600     1.2064639
    2    0.00038  2616.00000     0.7540479   162.226     1.2613493
    3    0.00057  1744.00000     0.6630509   162.240     1.2614263
    4    0.00076  1308.00000     0.5407371   162.011     1.1425101
    5    0.00096  1046.40002     0.6433420   168.868     1.1199712
    6    0.00115   872.00000     0.7041362   172.022     1.0941288
    7    0.00134   747.42859     0.6613348   171.703     0.9755552
    8    0.00153   654.00000     0.5927399   170.556     0.8232570
    9    0.00172   581.33331     0.5753880   170.874     0.8095781
   10    0.00191   523.20001     0.6234992   173.635     0.9966395
   11    0.00210   475.63635     0.7381197   175.981     1.2458477
   12    0.00229   436.00000     0.8120574   176.599     1.2597798
   13    0.00248   402.46155     0.8215773   177.171     1.0788506
   14    0.00268   373.71429     0.7804595   179.550     0.9281957
   15    0.00287   348.79999     0.6973861   184.020     0.9156545
   16    0.00306   327.00000     0.6881076   184.335     1.0342197
   17    0.00325   307.76471     0.7662838   179.620     1.1658884
   18    0.00344   290.66666     0.8359742   175.882     1.2356044
   19    0.00363   275.36841     0.8467348   173.402     1.2575926
   20    0.00382   261.60001     0.8478884   173.271     1.2216101
   21    0.00401   249.14285     0.8348957   175.539     1.1872239
   22    0.00420   237.81818     0.7851114   175.054     1.2638783
   23    0.00440   227.47826     0.7729251   170.593     1.3752376
   24    0.00459   218.00000     0.7734418   166.800     1.2817082
   25    0.00478   209.28000     0.7715004   165.658     1.0604613
   26    0.00497   201.23077     0.8074966   166.226     0.9787585
   27    0.00516   193.77777     0.8241245   165.558     1.0044317
   28    0.00535   186.85715     0.8024422   164.572     0.9712543
   29    0.00554   180.41379     0.7938194   166.242     0.9441051
   30    0.00573   174.39999     0.8213558   169.112     1.0255896
   31    0.00593   168.77420     0.8357680   170.220     1.1034131
   32    0.00612   163.50000     0.7955787   170.440     1.0244070
   33    0.00631   158.54546     0.7357410   170.323     0.8605804
   34    0.00650   153.88235     0.7225410   168.782     0.8083631
   35    0.00669   149.48572     0.7245641   165.293     0.8488134
   36    0.00688   145.33333     0.6734431   162.427     0.7847410
   37    0.00707   141.40541     0.5840400   160.660     0.6362684
   38    0.00726   137.68420     0.5801322   158.566     0.6536431
   39    0.00745   134.15384     0.6501093   159.215     0.7748127
   40    0.00765   130.80000     0.6928316   159.476     0.8513246
   41    0.00784   127.60976     0.6843966   158.093     0.8327976
   42    0.00803   124.57143     0.6756618   159.511     0.7773294
   43    0.00822   121.67442     0.7013037   162.915     0.8185483
   44    0.00841   118.90909     0.6915062   160.322     0.8254704
   45    0.00860   116.26667     0.6675250   154.465     0.7528410
   46    0.00879   113.73913     0.6723225   152.348     0.7501115
   47    0.00898   111.31915     0.6717390   154.532     0.8199109
   48    0.00917   109.00000     0.6569260   156.235     0.8222817
   49    0.00937   106.77551     0.6653121   157.234     0.7785531
   50    0.00956   104.64000     0.6813495   159.577     0.7692918
   51    0.00975   102.58823     0.6575152   163.943     0.7414729
   52    0.00994   100.61539     0.6306338   169.871     0.6744412
   53    0.01013    98.71698     0.6374094   174.232     0.6392088
   54    0.01032    96.88889     0.6458585   173.973     0.6598107
   55    0.01051    95.12727     0.6563905   170.568     0.7116129
   56    0.01070    93.42857     0.6458427   166.065     0.7393618
   57    0.01089    91.78947     0.6019374   160.053     0.6922229
   58    0.01109    90.20689     0.5598181   154.567     0.6137731
   59    0.01128    88.67796     0.5417259   153.324     0.5765054
   60    0.01147    87.20000     0.5658354   154.485     0.6056506
   61    0.01166    85.77049     0.5991998   154.543     0.6195586
   62    0.01185    84.38710     0.5929931   154.801     0.5616558
   63    0.01204    83.04762     0.5519048   156.394     0.5200576
   64    0.01223    81.75000     0.4996633   160.239     0.5104504
   65    0.01242    80.49231     0.4896888   165.191     0.5103571
   66    0.01261    79.27273     0.5547864   165.159     0.5796831
   67    0.01281    78.08955     0.6060202   164.330     0.6534593
   68    0.01300    76.94118     0.5945523   165.869     0.6245076
   69    0.01319    75.82609     0.5540957   167.148     0.5576174
   70    0.01338    74.74286     0.5350240   166.154     0.5518904
   71    0.01357    73.69014     0.4907417   165.520     0.4808369
   72    0.01376    72.66666     0.4203851   157.816     0.3399059
   73    0.01395    71.67123     0.4102422   147.274     0.3027623
   74    0.01414    70.70271     0.4544120   152.050     0.3802907
   75    0.01433    69.76000     0.5274384   161.076     0.5217143
   76    0.01453    68.84210     0.5404322   162.786     0.5364230
   77    0.01472    67.94805     0.5079975   159.106     0.4341951
   78    0.01491    67.07692     0.4932740   152.027     0.3724816
   79    0.01510    66.22785     0.4616935   143.752     0.3675073
   80    0.01529    65.40000     0.3650550   133.369     0.3083750
   81    0.01548    64.59259     0.2319640   118.830     0.1954656
   82    0.01567    63.80488     0.1338246   104.910     0.1152598
   83    0.01586    63.03614     0.0988457   142.575     0.0813940
   84    0.01606    62.28571     0.1728142   185.351     0.1223536
   85    0.01625    61.55294     0.2956543   193.736     0.1914358
   86    0.01644    60.83721     0.4430900   184.486     0.3078136
   87    0.01663    60.13793     0.5446003   171.477     0.4332592
   88    0.01682    59.45454     0.5472636   163.258     0.4710815
   89    0.01701    58.78652     0.5212666   162.370     0.4646794
   90    0.01720    58.13334     0.5339729   166.889     0.4823052
   91    0.01739    57.49451     0.5352884   171.776     0.4647740
   92    0.01758    56.86956     0.4250411   176.287     0.3501581
   93    0.01778    56.25806     0.3454334   180.970     0.3218641
   94    0.01797    55.65957     0.4116952   182.197     0.4381293
   95    0.01816    55.07368     0.4305798   182.536     0.4357470
   96    0.01835    54.50000     0.4361846   180.778     0.3723814
   97    0.01854    53.93814     0.5416540   176.479     0.4165861
   98    0.01873    53.38776     0.6227971   175.419     0.4931552
   99    0.01892    52.84848     0.5485749   177.565     0.4733959
  100    0.01911    52.32000     0.3289382   183.498     0.3083553
  101    0.01930    51.80198     0.0688776   206.041     0.0635202
  102    0.01950    51.29412     0.0400566   -52.663     0.0356228
  103    0.01969    50.79612     0.1291991   213.571     0.1253864
  104    0.01988    50.30769     0.2441938   189.277     0.2519741
  105    0.02007    49.82857     0.2331761   177.415     0.2236959
  106    0.02026    49.35849     0.3126089   197.066     0.2783372
  107    0.02045    48.89720     0.4468271   204.725     0.3842149
  108    0.02064    48.44444     0.3955748   204.787     0.3207477
  109    0.02083    48.00000     0.3169496   194.867     0.2448283
  110    0.02102    47.56364     0.3677669   179.271     0.3207455
  111    0.02122    47.13514     0.3255299   168.372     0.3796562
  112    0.02141    46.71429     0.1510922   149.702     0.2044049
  113    0.02160    46.30088     0.1043506    18.740     0.1206751
  114    0.02179    45.89474     0.1782579     4.079     0.1592917
  115    0.02198    45.49565     0.0243003   121.342     0.0181152
  116    0.02217    45.10345     0.1388401   173.405     0.1088065
  117    0.02236    44.71795     0.0725333   165.099     0.0699002
  118    0.02255    44.33898     0.0417098   177.415     0.0429882
  119    0.02274    43.96638     0.1718101   196.939     0.1659884
  120    0.02294    43.60000     0.3279220   191.033     0.3129077
  121    0.02313    43.23967     0.3898038   183.042     0.3797570
  122    0.02332    42.88525     0.3418725   180.556     0.3325116
  123    0.02351    42.53659     0.2286849   189.357     0.2304773
  124    0.02370    42.19355     0.1727536   204.637     0.1860764
  125    0.02389    41.85600     0.2231052   202.547     0.2588131
  126    0.02408    41.52381     0.3587530   187.378     0.4629985
  127    0.02427    41.19685     0.3827280   180.734     0.4927547
  128    0.02446    40.87500     0.3009103   183.405     0.3313029
  129    0.02466    40.55814     0.2257466   195.650     0.2157663
  130    0.02485    40.24615     0.1327680   245.376     0.1299877
  131    0.02504    39.93893     0.2507425   -50.383     0.2804643
  132    0.02523    39.63636     0.3292425   -45.637     0.4238642
  133    0.02542    39.33834     0.2534590   -70.632     0.3487055
  134    0.02561    39.04478     0.2535059   246.847     0.3287484
  135    0.02580    38.75555     0.2735797   244.806     0.3228638
  136    0.02599    38.47059     0.2748913   261.232     0.3169000
  137    0.02619    38.18978     0.2729951   -86.426     0.3041653
  138    0.02638    37.91304     0.2558854   -81.448     0.2628833
  139    0.02657    37.64029     0.2099377   -89.435     0.2047400
  140    0.02676    37.37143     0.1657922   250.798     0.1618605
  141    0.02695    37.10638     0.1765414   243.291     0.1734627
  142    0.02714    36.84507     0.2557859   251.765     0.2308971
  143    0.02733    36.58741     0.3088125   249.736     0.2370941
  144    0.02752    36.33333     0.3190876   240.104     0.2377622
  145    0.02771    36.08276     0.3219419   231.416     0.2632111
  146    0.02791    35.83562     0.2703641   238.433     0.2331716
  147    0.02810    35.59184     0.2215217   245.460     0.1905291
  148    0.02829    35.35135     0.2626590   216.209     0.2265250
  149    0.02848    35.11409     0.4189057   195.525     0.3742099
  150    0.02867    34.88000     0.4292359   194.419     0.4240510
  151    0.02886    34.64901     0.3036989   203.189     0.3293293
  152    0.02905    34.42105     0.2459780   215.185     0.2642573
  153    0.02924    34.19608     0.3078820   214.670     0.3012193
  154    0.02943    33.97403     0.3630703   212.371     0.3365493
  155    0.02963    33.75484     0.3013762   214.865     0.2762298
  156    0.02982    33.53846     0.1898941   220.540     0.1707488
  157    0.03001    33.32484     0.1400594   230.016     0.1333438
  158    0.03020    33.11393     0.1585800   226.683     0.1662295
  159    0.03039    32.90566     0.2203922   198.702     0.2184980
  160    0.03058    32.70000     0.3117507   184.622     0.2604294
  161    0.03077    32.49689     0.3336657   191.525     0.2581572
  162    0.03096    32.29630     0.2897226   205.877     0.2271680
  163    0.03115    32.09816     0.2428384   210.320     0.1950151
  164    0.03135    31.90244     0.2418394   199.384     0.1946339
  165    0.03154    31.70909     0.2125431   192.849     0.1647168
  166    0.03173    31.51807     0.1220483   197.882     0.0929840
  167    0.03192    31.32934     0.1446169   200.019     0.1132548
  168    0.03211    31.14286     0.2445042   194.247     0.1950077
  169    0.03230    30.95858     0.2704608   190.208     0.2089366
  170    0.03249    30.77647     0.2436557   186.086     0.1743301
  171    0.03268    30.59649     0.2428899   185.307     0.1658400
  172    0.03287    30.41860     0.2663125   189.059     0.1844101
  173    0.03307    30.24277     0.2940490   194.557     0.2103458
  174    0.03326    30.06897     0.2824094   197.249     0.1999900
  175    0.03345    29.89714     0.2471238   194.305     0.1597568
  176    0.03364    29.72727     0.2507883   190.460     0.1412253
  177    0.03383    29.55932     0.2756442   191.645     0.1436204
  178    0.03402    29.39326     0.2853175   193.311     0.1476788
  179    0.03421    29.22905     0.2834536   192.116     0.1390571
  180    0.03440    29.06667     0.2715999   187.209     0.1185484
  181    0.03459    28.90608     0.2614870   181.719     0.1037686
  182    0.03479    28.74725     0.2642882   180.262     0.0979871
  183    0.03498    28.59016     0.2796468   180.073     0.1030000
  184    0.03517    28.43478     0.3041896   180.211     0.1224988
  185    0.03536    28.28108     0.3261585   182.799     0.1403158
  186    0.03555    28.12903     0.3305970   186.820     0.1451401
  187    0.03574    27.97861     0.3205363   190.092     0.1382668
  188    0.03593    27.82979     0.3143332   192.139     0.1231564
  189    0.03612    27.68254     0.3307669   193.224     0.1126415
  190    0.03631    27.53684     0.3483351   193.745     0.1086934
  191    0.03651    27.39267     0.3321286   193.909     0.0992303
  192    0.03670    27.25000     0.2993121   192.067     0.0871210
  193    0.03689    27.10881     0.2695799   187.429     0.0846528
  194    0.03708    26.96907     0.2542016   183.376     0.0932482
  195    0.03727    26.83077     0.2681615   182.672     0.1023079
  196    0.03746    26.69388     0.3003708   183.911     0.1018904
  197    0.03765    26.55838     0.3073440   184.640     0.0935679
  198    0.03784    26.42424     0.2926121   184.541     0.0875681
  199    0.03804    26.29146     0.2994637   184.222     0.0885804
  200    0.03823    26.16000     0.2921893   184.376     0.0873324
  201    0.03842    26.02985     0.2009737   184.853     0.0728425
  202    0.03861    25.90099     0.1236276   179.728     0.0591461
  203    0.03880    25.77340     0.1368897   173.871     0.0708346
  204    0.03899    25.64706     0.2067145   176.150     0.0910092
  205    0.03918    25.52195     0.2816292   179.152     0.0973937
  206    0.03937    25.39806     0.3074333   179.933     0.0969891
  207    0.03956    25.27536     0.3152103   180.161     0.0988064
  208    0.03976    25.15385     0.3133434   181.433     0.0980436
  209    0.03995    25.03349     0.2995211   184.019     0.0934493
  210    0.04014    24.91429     0.2962775   186.212     0.0903956
  211    0.04033    24.79621     0.3034874   185.991     0.0869342
  212    0.04052    24.67924     0.3089696   184.066     0.0825320
  213    0.04071    24.56338     0.3028431   183.278     0.0803507
  214    0.04090    24.44860     0.2860847   183.807     0.0748139
  215    0.04109    24.33488     0.2382726   182.461     0.0640694
  216    0.04128    24.22222     0.1515314   176.938     0.0580217
  217    0.04148    24.11060     0.0940116   168.229     0.0650939
  218    0.04167    24.00000     0.0858625   163.477     0.0854063
  219    0.04186    23.89041     0.1041497   167.784     0.1066134
  220    0.04205    23.78182     0.1506061   176.041     0.1122620
  221    0.04224    23.67421     0.2447450   181.186     0.1038939
  222    0.04243    23.56757     0.3123112   181.835     0.0978184
  223    0.04262    23.46188     0.3241523   181.287     0.0974472
  224    0.04281    23.35714     0.3179164   180.614     0.0969903
  225    0.04300    23.25333     0.3107200   180.141     0.0946580
  226    0.04320    23.15044     0.3097219   180.699     0.0918561
  227    0.04339    23.04846     0.3014444   182.332     0.0888228
  228    0.04358    22.94737     0.2861451   183.292     0.0845794
  229    0.04377    22.84716     0.2786187   181.871     0.0822127
  230    0.04396    22.74783     0.2893437   180.558     0.0853026
  231    0.04415    22.64935     0.3056316   181.696     0.0902238
  232    0.04434    22.55172     0.3160357   183.284     0.0928438
  233    0.04453    22.45494     0.3205319   183.049     0.0920783
  234    0.04472    22.35897     0.3301340   181.730     0.0893769
  235    0.04492    22.26383     0.3375546   181.921     0.0858944
  236    0.04511    22.16949     0.3319132   183.470     0.0828381
  237    0.04530    22.07595     0.3269568   183.709     0.0815092
  238    0.04549    21.98319     0.3206224   183.053     0.0788397
  239    0.04568    21.89121     0.3049618   182.745     0.0749434
  240    0.04587    21.80000     0.2875012   181.521     0.0737827
  241    0.04606    21.70954     0.2782485   179.726     0.0752676
  242    0.04625    21.61983     0.2733210   179.665     0.0747316
  243    0.04644    21.53086     0.2708068   181.148     0.0718395
  244    0.04664    21.44262     0.2677177   182.745     0.0699983
  245    0.04683    21.35510     0.2569772   183.824     0.0700551
  246    0.04702    21.26829     0.2496329   184.141     0.0716970
  247    0.04721    21.18219     0.2591183   183.306     0.0766064
  248    0.04740    21.09678     0.2663455   181.270     0.0795900
  249    0.04759    21.01205     0.2580537   179.523     0.0751110
  250    0.04778    20.92800     0.2508523   180.068     0.0679336
  251    0.04797    20.84462     0.2570107   181.791     0.0647459
  252    0.04817    20.76191     0.2646628   182.733     0.0675419
  253    0.04836    20.67984     0.2767693   183.354     0.0728687
  254    0.04855    20.59842     0.2969317   183.177     0.0747456
  255    0.04874    20.51765     0.3157565   182.089     0.0746411
  256    0.04893    20.43750     0.3097317   181.348     0.0751468
  257    0.04912    20.35798     0.2889821   181.971     0.0758796
  258    0.04931    20.27907     0.2782311   183.158     0.0759633
  259    0.04950    20.20077     0.2864105   183.033     0.0759148
  260    0.04969    20.12308     0.2957560   181.443     0.0749801
  261    0.04989    20.04598     0.2870009   180.012     0.0723323
  262    0.05008    19.96947     0.2705130   179.744     0.0698121
  263    0.05027    19.89354     0.2626869   179.980     0.0692907
  264    0.05046    19.81818     0.2667256   180.250     0.0705611
  265    0.05065    19.74340     0.2786852   181.006     0.0722488
  266    0.05084    19.66917     0.2999553   182.482     0.0754017
  267    0.05103    19.59550     0.3223103   183.938     0.0790669
  268    0.05122    19.52239     0.3203597   184.077     0.0771752
  269    0.05141    19.44981     0.2903841   182.325     0.0702112
  270    0.05161    19.37778     0.2631682   179.985     0.0650610
  271    0.05180    19.30627     0.2589274   178.851     0.0656451
  272    0.05199    19.23529     0.2598982   178.513     0.0675531
  273    0.05218    19.16483     0.2587618   178.402     0.0688567
  274    0.05237    19.09489     0.2536260   178.646     0.0708777
  275    0.05256    19.02546     0.2543052   178.943     0.0744844
  276    0.05275    18.95652     0.2602462   179.212     0.0753152
  277    0.05294    18.88809     0.2582718   179.129     0.0713298
  278    0.05313    18.82014     0.2517297   179.036     0.0662565
  279    0.05333    18.75269     0.2596432   179.814     0.0656996
  280    0.05352    18.68571     0.2874828   181.495     0.0676486
  281    0.05371    18.61922     0.3180202   182.786     0.0677196
  282    0.05390    18.55319     0.3126504   182.966     0.0632867
  283    0.05409    18.48763     0.2757628   182.386     0.0587249
  284    0.05428    18.42253     0.2579831   180.790     0.0589284
  285    0.05447    18.35789     0.2615877   178.868     0.0615222
  286    0.05466    18.29371     0.2693917   178.158     0.0617886
  287    0.05485    18.22997     0.2694563   178.186     0.0609343
  288    0.05505    18.16667     0.2605799   178.396     0.0635002
  289    0.05524    18.10381     0.2521777   179.917     0.0676714
  290    0.05543    18.04138     0.2547457   182.399     0.0711200
  291    0.05562    17.97938     0.2726748   184.106     0.0738399
  292    0.05581    17.91781     0.2876982   184.285     0.0728130
  293    0.05600    17.85666     0.2865281   183.193     0.0684249
  294    0.05619    17.79592     0.2690444   182.544     0.0641185
  295    0.05638    17.73559     0.2558758   184.264     0.0620943
  296    0.05657    17.67568     0.2772822   185.689     0.0676383
  297    0.05677    17.61616     0.3057874   184.625     0.0756055
  298    0.05696    17.55705     0.3051075   182.974     0.0745163
  299    0.05715    17.49833     0.2857446   181.502     0.0649182
  300    0.05734    17.44000     0.2663355   179.824     0.0572097
  301    0.05753    17.38206     0.2628340   178.183     0.0578389
  302    0.05772    17.32450     0.2645934   176.798     0.0603442
  303    0.05791    17.26733     0.2742325   176.078     0.0628168
  304    0.05810    17.21053     0.2923033   175.896     0.0678552
  305    0.05830    17.15410     0.2897039   175.768     0.0698788
  306    0.05849    17.09804     0.2616918   177.044     0.0653532
  307    0.05868    17.04235     0.2400461   180.335     0.0584393
  308    0.05887    16.98701     0.2417713   182.354     0.0552149
  309    0.05906    16.93204     0.2577763   181.815     0.0557664
  310    0.05925    16.87742     0.2924508   180.685     0.0592136
  311    0.05944    16.82315     0.3337210   179.422     0.0630323
  312    0.05963    16.76923     0.3509189   177.980     0.0634310
  313    0.05982    16.71565     0.3305702   176.648     0.0605231
  314    0.06002    16.66242     0.3042908   176.603     0.0598856
  315    0.06021    16.60952     0.2809637   176.498     0.0603472
  316    0.06040    16.55696     0.2611143   175.491     0.0613450
  317    0.06059    16.50473     0.2515867   176.432     0.0635888
  318    0.06078    16.45283     0.2394008   179.666     0.0614134
  319    0.06097    16.40125     0.2272895   182.212     0.0559284
  320    0.06116    16.35000     0.2280980   182.306     0.0549660
  321    0.06135    16.29906     0.2356341   180.804     0.0569533
  322    0.06154    16.24845     0.2480261   178.586     0.0569145
  323    0.06174    16.19814     0.2605154   176.768     0.0546313
  324    0.06193    16.14815     0.2515929   176.124     0.0521183
  325    0.06212    16.09846     0.2348950   176.357     0.0527210
  326    0.06231    16.04908     0.2335234   176.461     0.0563259
  327    0.06250    16.00000     0.2293812   175.950     0.0579063
  328    0.06269    15.95122     0.2108577   176.241     0.0563878
  329    0.06288    15.90274     0.1902485   178.625     0.0532214
  330    0.06307    15.85455     0.1895998   180.688     0.0526229
  331    0.06326    15.80665     0.2081890   180.854     0.0559552
  332    0.06346    15.75904     0.2269071   181.309     0.0588858
  333    0.06365    15.71171     0.2375571   182.088     0.0577249
  334    0.06384    15.66467     0.2471527   181.804     0.0553793
  335    0.06403    15.61791     0.2595483   180.504     0.0543022
  336    0.06422    15.57143     0.2653445   179.372     0.0539954
  337    0.06441    15.52522     0.2585012   179.637     0.0547907
  338    0.06460    15.47929     0.2447295   180.815     0.0555497
  339    0.06479    15.43363     0.2422865   180.364     0.0562698
  340    0.06498    15.38824     0.2482283   178.277     0.0571265
  341    0.06518    15.34311     0.2434281   177.440     0.0554923
  342    0.06537    15.29825     0.2216915   178.171     0.0512081
  343    0.06556    15.25364     0.1984795   179.434     0.0488309
  344    0.06575    15.20930     0.1918668   181.372     0.0492184
  345    0.06594    15.16522     0.1975122   181.080     0.0494881
  346    0.06613    15.12139     0.2049562   177.863     0.0499843
  347    0.06632    15.07781     0.2051968   175.850     0.0510378
  348    0.06651    15.03448     0.2020337   176.142     0.0515259
  349    0.06670    14.99140     0.2028434   176.752     0.0529744
  350    0.06690    14.94857     0.2093608   177.952     0.0560392
  351    0.06709    14.90598     0.2025245   179.539     0.0555954
  352    0.06728    14.86364     0.1835846   178.974     0.0518578
  353    0.06747    14.82153     0.1715393   176.592     0.0500052
  354    0.06766    14.77966     0.1795835   176.449     0.0517699
  355    0.06785    14.73803     0.2100819   179.988     0.0565970
  356    0.06804    14.69663     0.2568842   184.223     0.0614401
  357    0.06823    14.65546     0.2920820   185.550     0.0620668
  358    0.06843    14.61452     0.2863453   183.267     0.0600959
  359    0.06862    14.57382     0.2630582   179.478     0.0598811
  360    0.06881    14.53333     0.2503228   177.586     0.0604449
  361    0.06900    14.49307     0.2465317   178.897     0.0585045
  362    0.06919    14.45304     0.2574280   181.570     0.0564019
  363    0.06938    14.41322     0.2715817   181.958     0.0558507
  364    0.06957    14.37363     0.2619835   181.152     0.0532664
  365    0.06976    14.33425     0.2301080   182.077     0.0474775
  366    0.06995    14.29508     0.2093950   182.913     0.0436997
  367    0.07015    14.25613     0.2129636   181.441     0.0449149
  368    0.07034    14.21739     0.2205660   179.809     0.0494194
  369    0.07053    14.17886     0.2165157   179.111     0.0519731
  370    0.07072    14.14054     0.2120367   178.777     0.0504075
  371    0.07091    14.10243     0.2199226   178.972     0.0480570
  372    0.07110    14.06452     0.2285160   179.786     0.0496521
  373    0.07129    14.02681     0.2386930   180.180     0.0558581
  374    0.07148    13.98930     0.2392258   180.480     0.0590028
  375    0.07167    13.95200     0.2280099   181.476     0.0560873
  376    0.07187    13.91489     0.2120131   181.255     0.0520020
  377    0.07206    13.87798     0.2003988   178.454     0.0490177
  378    0.07225    13.84127     0.1953815   175.876     0.0460054
  379    0.07244    13.80475     0.2015496   177.139     0.0455765
  380    0.07263    13.76842     0.2249017   180.774     0.0506961
  381    0.07282    13.73228     0.2502263   182.787     0.0566719
  382    0.07301    13.69633     0.2649259   183.145     0.0557299
  383    0.07320    13.66057     0.2723235   182.230     0.0514226
  384    0.07339    13.62500     0.2627535   180.970     0.0501658
  385    0.07359    13.58961     0.2406480   181.305     0.0506722
  386    0.07378    13.55440     0.2302547   182.040     0.0523460
  387    0.07397    13.51938     0.2396390   182.052     0.0562263
  388    0.07416    13.48454     0.2417105   182.200     0.0580790
  389    0.07435    13.44987     0.2338398   182.850     0.0574126
  390    0.07454    13.41538     0.2278371   183.278     0.0554966
  391    0.07473    13.38107     0.2252085   182.293     0.0522528
  392    0.07492    13.34694     0.2220926   180.165     0.0479281
  393    0.07511    13.31298     0.2164780   179.594     0.0445454
  394    0.07531    13.27919     0.2141808   181.508     0.0440157
  395    0.07550    13.24557     0.2234768   181.774     0.0454750
  396    0.07569    13.21212     0.2337865   179.312     0.0479096
  397    0.07588    13.17884     0.2252866   178.041     0.0485460
  398    0.07607    13.14573     0.2033674   180.071     0.0467390
  399    0.07626    13.11278     0.1998941   182.945     0.0470543
  400    0.07645    13.08000     0.2260449   183.158     0.0512871
  401    0.07664    13.04738     0.2459797   181.053     0.0523581
  402    0.07683    13.01493     0.2363047   178.329     0.0480214
  403    0.07703    12.98263     0.2261249   176.972     0.0456405
  404    0.07722    12.95049     0.2343431   177.733     0.0480187
  405    0.07741    12.91852     0.2453532   179.099     0.0499318
  406    0.07760    12.88670     0.2557889   179.396     0.0475962
  407    0.07779    12.85504     0.2698396   177.479     0.0443806
  408    0.07798    12.82353     0.2731236   174.858     0.0441324
  409    0.07817    12.79218     0.2477333   174.659     0.0470761
  410    0.07836    12.76098     0.2314915   176.728     0.0499769
  411    0.07856    12.72993     0.2229823   178.659     0.0494359
  412    0.07875    12.69903     0.2136039   179.702     0.0455047
  413    0.07894    12.66828     0.1947400   180.969     0.0413043
  414    0.07913    12.63768     0.1867320   182.882     0.0422118
  415    0.07932    12.60723     0.2014721   183.331     0.0474860
  416    0.07951    12.57692     0.2012074   182.373     0.0473359
  417    0.07970    12.54676     0.1907453   180.474     0.0434694
  418    0.07989    12.51675     0.1907735   179.515     0.0432107
  419    0.08008    12.48687     0.1934581   181.696     0.0437966
  420    0.08028    12.45714     0.1990834   183.343     0.0431985
  421    0.08047    12.42755     0.2103478   181.095     0.0435660
  422    0.08066    12.39810     0.2124569   179.407     0.0443956
  423    0.08085    12.36879     0.2018310   180.867     0.0435069
  424    0.08104    12.33962     0.1998766   182.397     0.0445421
  425    0.08123    12.31059     0.2091672   182.389     0.0475068
  426    0.08142    12.28169     0.2138561   182.204     0.0480398
  427    0.08161    12.25293     0.2059322   181.655     0.0460270
  428    0.08180    12.22430     0.1940696   179.223     0.0434574
  429    0.08200    12.19580     0.1878769   176.366     0.0411581
  430    0.08219    12.16744     0.1945338   176.969     0.0422522
  431    0.08238    12.13921     0.2047627   179.988     0.0461640
  432    0.08257    12.11111     0.2059903   181.832     0.0480860
  433    0.08276    12.08314     0.2022584   180.749     0.0471901
  434    0.08295    12.05530     0.1909457   177.741     0.0447647
  435    0.08314    12.02759     0.1768395   176.859     0.0411192
  436    0.08333    12.00000     0.1733014   180.000     0.0393447
