    4.0000   -5.6
    4.2500   -7.2
    4.5000   -7.1
    4.7500   -6.0
    5.0000   -5.1
    5.2500   -5.5
    5.5000   -7.0
    5.7500   -8.7
    6.0000  -10.0
    6.2500  -10.9
    6.5000  -11.8
    6.7500  -12.5
    7.0000  -12.9
    7.2500  -12.9
    7.5000  -12.4
    7.7500  -11.8
    8.0000  -11.7
    8.2500  -12.5
    8.5000  -13.9
    8.7500  -15.1
    9.0000  -15.4
    9.2500  -15.0
    9.5000  -14.3
    9.7500  -13.7
   10.0000  -13.6
   10.2500  -13.9
   10.5000  -14.6
   10.7500  -15.5
   11.0000  -16.7
   11.2500  -17.9
   11.5000  -18.5
   11.7500  -17.5
   12.0000  -14.9
   12.2500  -11.7
   12.5000   -8.8
   12.7500   -6.9
   13.0000   -5.9
   13.2500   -5.7
   13.5000   -5.5
   13.7500   -5.2
   14.0000   -5.2
   14.2500   -6.1
   14.5000   -8.2
   14.7500  -11.2
   15.0000  -14.2
   15.2500  -16.4
   15.5000  -16.5
   15.7500  -14.1
   16.0000   -9.8
   16.2500   -5.2
   16.5000   -1.7
   16.7500     .6
   17.0000    2.1
   17.2500    3.1
   17.5000    3.8
   17.7500    4.1
   18.0000    4.1
   18.2500    3.6
   18.5000    2.6
   18.7500     .9
   19.0000   -1.5
   19.2500   -4.2
   19.5000   -6.0
   19.7500   -6.3
   20.0000   -5.3
   20.2500   -4.0
   20.5000   -3.6
   20.7500   -4.0
   21.0000   -4.9
   21.2500   -5.8
   21.5000   -6.3
   21.7500   -6.8
   22.0000   -7.4
   22.2500   -8.2
   22.5000   -8.9
   22.7500   -9.3
   23.0000   -9.4
   23.2500   -9.4
   23.5000   -9.6
   23.7500  -10.2
   24.0000  -11.2
   24.2500  -12.5
   24.5000  -13.3
   24.7500  -13.1
   25.0000  -12.1
   25.2500  -10.9
   25.5000  -10.0
   25.7500   -9.5
   26.0000   -9.5
   26.2500  -10.4
   26.5000  -11.9
   26.7500  -13.6
   27.0000  -15.1
   27.2500  -16.3
   27.5000  -17.2
   27.7500  -18.1
   28.0000  -19.3
   28.2500  -20.8
   28.5000  -22.0
   28.7500  -22.0
   29.0000  -20.7
   29.2500  -18.7
   29.5000  -16.9
   29.7500  -15.6
   30.0000  -14.9
   30.2500  -14.9
   30.5000  -15.3
   30.7500  -15.9
   31.0000  -16.5
   31.2500  -17.4
   31.5000  -18.3
   31.7500  -19.0
   32.0000  -19.4
   32.2500  -19.6
   32.5000  -19.6
   32.7500  -19.2
   33.0000  -18.4
   33.2500  -17.3
   33.5000  -15.9
   33.7500  -14.4
   34.0000  -13.2
   34.2500  -13.2
   34.5000  -14.3
   34.7500  -16.1
   35.0000  -17.6
   35.2500  -18.2
   35.5000  -17.5
   35.7500  -15.5
   36.0000  -12.8
   36.2500   -9.6
   36.5000   -6.5
   36.7500   -3.6
   37.0000   -1.1
   37.2500     .6
   37.5000    1.7
   37.7500    2.2
   38.0000    2.3
   38.2500    2.1
   38.5000    2.0
   38.7500    2.1
   39.0000    2.3
   39.2500    2.2
   39.5000    2.1
   39.7500    2.2
   40.0000    2.2
   40.2500    1.6
   40.5000     .1
   40.7500   -2.4
   41.0000   -5.7
   41.2500   -8.8
   41.5000  -10.6
   41.7500  -10.2
   42.0000   -8.0
   42.2500   -5.3
   42.5000   -3.5
   42.7500   -2.9
   43.0000   -3.1
   43.2500   -3.3
   43.5000   -3.3
   43.7500   -3.2
   44.0000   -3.6
   44.2500   -5.1
   44.5000   -7.4
   44.7500   -9.5
   45.0000  -11.1
   45.2500  -12.1
   45.5000  -12.8
   45.7500  -13.1
   46.0000  -13.0
   46.2500  -12.7
   46.5000  -12.1
   46.7500  -11.2
   47.0000  -10.6
   47.2500  -10.8
   47.5000  -12.0
   47.7500  -14.1
   48.0000  -16.7
   48.2500  -19.2
   48.5000  -21.2
   48.7500  -22.5
   49.0000  -23.3
   49.2500  -24.0
   49.5000  -24.5
   49.7500  -24.3
   50.0000  -22.8
   50.2500  -19.9
   50.5000  -15.6
   50.7500  -10.8
   51.0000   -6.8
   51.2500   -4.8
   51.5000   -5.5
   51.7500   -9.0
   52.0000  -14.6
   52.2500  -21.0
   52.5000  -25.9
   52.7500  -28.2
   53.0000  -27.7
   53.2500  -25.4
   53.5000  -22.3
   53.7500  -19.1
   54.0000  -16.3
   54.2500  -14.1
   54.5000  -13.0
   54.7500  -13.1
   55.0000  -14.3
   55.2500  -16.3
   55.5000  -18.1
   55.7500  -18.9
   56.0000  -18.5
   56.2500  -16.9
   56.5000  -14.5
   56.7500  -11.4
   57.0000   -8.4
   57.2500   -5.9
   57.5000   -4.1
   57.7500   -2.9
   58.0000   -2.0
   58.2500   -1.6
   58.5000   -1.5
   58.7500   -2.1
   59.0000   -3.9
   59.2500   -6.8
   59.5000  -10.3
   59.7500  -13.5
   60.0000  -15.6
   60.2500  -16.1
   60.5000  -15.1
   60.7500  -13.2
   61.0000  -11.5
   61.2500  -10.3
   61.5000   -9.5
   61.7500   -8.9
   62.0000   -8.2
   62.2500   -7.7
   62.5000   -7.5
   62.7500   -7.7
   63.0000   -8.2
   63.2500   -9.0
   63.5000   -9.8
   63.7500  -10.4
   64.0000  -10.8
   64.2500  -10.6
   64.5000   -9.3
   64.7500   -6.9
   65.0000   -3.9
   65.2500   -1.3
   65.5000     .1
   65.7500     .0
   66.0000   -1.3
   66.2500   -3.4
   66.5000   -5.3
   66.7500   -6.4
   67.0000   -6.3
   67.2500   -4.9
   67.5000   -2.2
   67.7500     .8
   68.0000    2.1
   68.2500     .5
   68.5000   -4.0
   68.7500   -9.9
   69.0000  -15.2
   69.2500  -17.9
   69.5000  -17.4
   69.7500  -14.7
   70.0000  -11.2
   70.2500   -8.4
   70.5000   -6.2
   70.7500   -3.8
   71.0000    -.9
   71.2500    2.2
   71.5000    4.9
   71.7500    6.7
   72.0000    7.8
   72.2500    8.3
   72.5000    8.9
   72.7500    9.6
   73.0000    9.7
   73.2500    8.6
   73.5000    6.2
   73.7500    3.5
   74.0000    1.6
   74.2500    1.1
   74.5000    1.8
   74.7500    2.7
   75.0000    2.9
   75.2500    1.9
   75.5000     .0
   75.7500   -2.4
   76.0000   -4.6
   76.2500   -6.2
   76.5000   -7.1
   76.7500   -7.7
   77.0000   -8.2
   77.2500   -8.0
   77.5000   -6.1
   77.7500   -1.9
   78.0000    3.8
   78.2500    9.1
   78.5000   12.1
   78.7500   11.7
   79.0000    8.7
   79.2500    4.4
   79.5000     .3
   79.7500   -2.8
   80.0000   -5.2
   80.2500   -6.9
   80.5000   -8.2
   80.7500   -9.7
   81.0000  -11.7
   81.2500  -14.1
   81.5000  -16.2
   81.7500  -17.2
   82.0000  -17.2
   82.2500  -16.5
   82.5000  -15.6
   82.7500  -14.7
   83.0000  -14.0
   83.2500  -13.5
   83.5000  -12.7
   83.7500  -11.6
   84.0000  -10.5
   84.2500   -9.8
   84.5000   -9.6
   84.7500   -9.9
   85.0000  -10.2
   85.2500  -10.2
   85.5000   -9.7
   85.7500   -9.0
   86.0000   -8.3
   86.2500   -8.0
   86.5000   -8.0
   86.7500   -8.0
   87.0000   -7.7
   87.2500   -7.5
   87.5000   -7.5
   87.7500   -8.1
   88.0000   -9.3
   88.2500  -10.8
   88.5000  -11.9
   88.7500  -12.5
   89.0000  -12.9
   89.2500  -13.5
   89.5000  -14.2
   89.7500  -14.8
   90.0000  -14.8
   90.2500  -14.0
   90.5000  -12.6
   90.7500  -11.5
   91.0000  -12.2
   91.2500  -14.9
   91.5000  -18.8
   91.7500  -22.1
   92.0000  -23.0
   92.2500  -21.1
   92.5000  -17.2
   92.7500  -13.4
   93.0000  -11.0
   93.2500  -10.6
   93.5000  -11.5
   93.7500  -12.6
   94.0000  -13.2
   94.2500  -13.0
   94.5000  -12.2
   94.7500  -11.6
   95.0000  -11.7
   95.2500  -12.8
   95.5000  -14.5
   95.7500  -16.4
   96.0000  -18.3
   96.2500  -19.8
   96.5000  -20.6
   96.7500  -20.2
   97.0000  -18.3
   97.2500  -15.0
   97.5000  -10.6
   97.7500   -6.6
   98.0000   -4.1
   98.2500   -3.8
   98.5000   -5.2
   98.7500   -6.9
   99.0000   -8.0
   99.2500   -8.1
   99.5000   -7.4
   99.7500   -6.5
  100.0000   -5.9
  100.2500   -5.8
  100.5000   -6.0
  100.7500   -6.5
  101.0000   -6.9
  101.2500   -7.0
  101.5000   -6.4
  101.7500   -4.9
  102.0000   -2.8
  102.2500    -.4
  102.5000    2.1
  102.7500    4.4
  103.0000    6.2
  103.2500    7.1
  103.5000    6.7
  103.7500    5.0
  104.0000    2.6
  104.2500     .4
  104.5000   -1.2
  104.7500   -2.5
  105.0000   -3.7
  105.2500   -4.7
  105.5000   -5.3
  105.7500   -5.2
  106.0000   -4.9
  106.2500   -5.0
  106.5000   -5.8
  106.7500   -7.3
  107.0000   -8.6
  107.2500   -9.0
  107.5000   -8.1
  107.7500   -6.7
  108.0000   -5.5
  108.2500   -5.1
  108.5000   -5.0
  108.7500   -4.8
  109.0000   -4.3
  109.2500   -3.7
  109.5000   -3.4
  109.7500   -4.2
  110.0000   -5.9
  110.2500   -8.0
  110.5000   -9.7
  110.7500  -10.5
  111.0000  -10.3
  111.2500   -9.1
  111.5000   -7.1
  111.7500   -5.1
  112.0000   -3.7
  112.2500   -3.0
  112.5000   -2.8
  112.7500   -2.7
  113.0000   -2.5
  113.2500   -2.0
  113.5000   -1.3
  113.7500    -.5
  114.0000     .2
  114.2500     .6
  114.5000     .4
  114.7500    -.6
  115.0000   -1.9
  115.2500   -3.1
  115.5000   -3.7
  115.7500   -4.0
  116.0000   -4.5
  116.2500   -5.5
  116.5000   -6.8
  116.7500   -8.4
  117.0000   -9.9
  117.2500  -10.8
  117.5000  -10.7
  117.7500   -9.8
  118.0000   -8.9
  118.2500   -8.6
  118.5000   -9.4
  118.7500  -11.0
  119.0000  -12.5
  119.2500  -13.1
  119.5000  -12.8
  119.7500  -12.5
  120.0000  -12.9
  120.2500  -13.8
  120.5000  -14.3
  120.7500  -13.3
  121.0000  -10.3
  121.2500   -5.1
  121.5000    1.8
  121.7500    8.7
  122.0000   14.4
  122.2500   17.8
  122.5000   18.4
  122.7500   16.4
  123.0000   12.4
  123.2500    7.4
  123.5000    2.4
  123.7500   -2.3
  124.0000   -6.1
  124.2500   -9.0
  124.5000  -10.8
  124.7500  -12.1
  125.0000  -13.4
  125.2500  -14.6
  125.5000  -15.3
  125.7500  -14.8
  126.0000  -13.1
  126.2500  -10.5
  126.5000   -7.7
  126.7500   -5.4
  127.0000   -4.3
  127.2500   -4.3
  127.5000   -5.0
  127.7500   -5.8
  128.0000   -6.6
  128.2500   -7.3
  128.5000   -8.1
  128.7500   -9.0
  129.0000   -9.6
  129.2500   -9.9
  129.5000   -9.9
  129.7500  -10.0
  130.0000  -10.5
  130.2500  -11.6
  130.5000  -12.9
  130.7500  -14.4
  131.0000  -15.5
  131.2500  -15.6
  131.5000  -14.3
  131.7500  -11.7
  132.0000   -8.6
  132.2500   -5.7
  132.5000   -3.6
  132.7500   -2.3
  133.0000   -1.7
  133.2500   -1.3
  133.5000   -1.4
  133.7500   -2.3
  134.0000   -4.1
  134.2500   -6.2
  134.5000   -8.1
  134.7500   -9.6
  135.0000  -10.5
  135.2500  -10.7
  135.5000   -9.9
  135.7500   -8.0
  136.0000   -5.3
  136.2500   -2.2
  136.5000     .8
  136.7500    3.1
  137.0000    4.1
  137.2500    4.0
  137.5000    3.2
  137.7500    1.9
  138.0000     .5
  138.2500    -.5
  138.5000   -1.0
  138.7500    -.9
  139.0000   -1.1
  139.2500   -1.8
  139.5000   -3.3
  139.7500   -5.5
  140.0000   -7.7
  140.2500   -9.4
  140.5000  -10.4
  140.7500  -10.8
  141.0000  -10.8
  141.2500  -10.3
  141.5000   -9.4
  141.7500   -8.6
  142.0000   -8.3
  142.2500   -8.8
  142.5000  -10.0
  142.7500  -11.3
  143.0000  -11.8
  143.2500  -10.7
  143.5000   -8.3
  143.7500   -5.5
  144.0000   -3.3
  144.2500   -1.9
  144.5000   -1.3
  144.7500   -1.0
  145.0000    -.4
  145.2500     .7
  145.5000    2.1
  145.7500    3.4
  146.0000    4.3
  146.2500    4.7
  146.5000    4.6
  146.7500    3.8
  147.0000    2.6
  147.2500    1.4
  147.5000     .5
  147.7500     .0
  148.0000    -.1
  148.2500     .3
  148.5000    1.2
  148.7500    2.4
  149.0000    3.6
  149.2500    4.8
  149.5000    5.7
  149.7500    6.0
  150.0000    5.7
  150.2500    4.8
  150.5000    3.8
  150.7500    2.8
  151.0000    2.1
  151.2500    2.1
  151.5000    2.9
  151.7500    4.6
  152.0000    6.7
  152.2500    9.1
  152.5000   10.9
  152.7500   11.5
  153.0000   10.7
  153.2500    9.6
  153.5000    9.1
  153.7500    9.4
  154.0000   10.3
  154.2500   11.2
  154.5000   11.5
  154.7500   11.0
  155.0000    9.5
  155.2500    7.2
  155.5000    4.2
  155.7500     .8
  156.0000   -2.2
  156.2500   -4.4
  156.5000   -5.6
  156.7500   -6.1
  157.0000   -6.3
  157.2500   -6.3
  157.5000   -6.1
  157.7500   -5.7
  158.0000   -4.9
  158.2500   -3.6
  158.5000   -2.0
  158.7500    -.4
  159.0000    1.0
  159.2500    2.3
  159.5000    3.2
  159.7500    3.6
  160.0000    3.5
  160.2500    3.3
  160.5000    3.1
  160.7500    3.0
  161.0000    3.1
  161.2500    3.6
  161.5000    4.5
  161.7500    5.4
  162.0000    6.2
  162.2500    6.9
  162.5000    7.4
  162.7500    7.7
  163.0000    7.9
  163.2500    8.4
  163.5000    9.3
  163.7500   10.3
  164.0000   11.4
  164.2500   12.7
  164.5000   14.2
  164.7500   15.3
  165.0000   15.9
  165.2500   16.0
  165.5000   16.1
  165.7500   16.5
  166.0000   17.1
  166.2500   17.9
  166.5000   18.5
  166.7500   18.5
  167.0000   17.7
  167.2500   16.6
  167.5000   15.3
  167.7500   14.0
  168.0000   12.7
  168.2500   11.3
  168.5000   10.1
  168.7500    9.0
  169.0000    8.5
  169.2500    8.9
  169.5000   10.1
  169.7500   11.3
  170.0000   12.0
  170.2500   12.3
  170.5000   12.7
  170.7500   13.4
  171.0000   14.5
  171.2500   15.2
  171.5000   15.0
  171.7500   13.2
  172.0000   10.2
  172.2500    6.9
  172.5000    4.0
  172.7500    1.7
  173.0000     .0
  173.2500    -.9
  173.5000   -1.0
  173.7500    -.7
  174.0000    -.1
  174.2500     .9
  174.5000    2.1
  174.7500    3.3
  175.0000    4.5
  175.2500    5.6
  175.5000    6.6
  175.7500    7.5
  176.0000    8.8
  176.2500   11.2
  176.5000   14.5
  176.7500   17.8
  177.0000   20.1
  177.2500   21.4
  177.5000   22.0
  177.7500   22.4
  178.0000   22.8
  178.2500   22.9
  178.5000   22.2
  178.7500   20.4
  179.0000   17.9
  179.2500   15.5
  179.5000   13.9
  179.7500   12.8
  180.0000   12.0
  180.2500   11.5
  180.5000   11.3
  180.7500   11.1
  181.0000   11.1
  181.2500   12.0
  181.5000   13.8
  181.7500   15.9
  182.0000   17.6
  182.2500   18.5
  182.5000   18.8
  182.7500   18.7
  183.0000   18.7
  183.2500   18.9
  183.5000   18.7
  183.7500   17.8
  184.0000   16.5
  184.2500   15.3
  184.5000   14.4
  184.7500   13.6
  185.0000   12.4
  185.2500   10.7
  185.5000    8.9
  185.7500    7.6
  186.0000    7.1
  186.2500    7.5
  186.5000    8.1
  186.7500    8.3
  187.0000    8.1
  187.2500    7.9
  187.5000    8.1
  187.7500    8.9
  188.0000   10.3
  188.2500   11.9
  188.5000   13.4
  188.7500   14.5
  189.0000   15.3
  189.2500   16.2
  189.5000   16.8
  189.7500   17.0
  190.0000   16.7
  190.2500   16.3
  190.5000   16.0
  190.7500   15.3
  191.0000   14.4
  191.2500   13.5
  191.5000   13.0
  191.7500   13.1
  192.0000   13.6
  192.2500   14.2
  192.5000   14.3
  192.7500   13.4
  193.0000   11.6
  193.2500    9.4
  193.5000    7.5
  193.7500    5.8
  194.0000    4.4
  194.2500    3.5
  194.5000    2.9
  194.7500    2.5
  195.0000    2.5
  195.2500    2.9
  195.5000    3.7
  195.7500    4.6
  196.0000    5.4
  196.2500    6.2
  196.5000    7.2
  196.7500    8.1
  197.0000    9.1
  197.2500    9.8
  197.5000   10.1
  197.7500    9.8
  198.0000    9.1
  198.2500    8.4
  198.5000    8.3
  198.7500    9.0
  199.0000   10.7
  199.2500   13.4
  199.5000   16.4
  199.7500   18.7
  200.0000   20.4
  200.2500   21.8
  200.5000   23.3
  200.7500   25.0
  201.0000   26.5
  201.2500   27.1
  201.5000   26.4
  201.7500   24.6
  202.0000   22.5
  202.2500   20.8
  202.5000   19.8
  202.7500   19.1
  203.0000   18.4
  203.2500   17.8
  203.5000   17.5
  203.7500   17.3
  204.0000   17.3
  204.2500   17.5
  204.5000   17.5
  204.7500   16.9
  205.0000   15.9
  205.2500   14.7
  205.5000   13.8
  205.7500   13.2
  206.0000   13.4
  206.2500   14.9
  206.5000   17.4
  206.7500   20.6
  207.0000   23.7
  207.2500   26.2
  207.5000   27.7
  207.7500   28.2
  208.0000   28.0
  208.2500   27.6
  208.5000   27.3
  208.7500   26.7
  209.0000   25.9
  209.2500   24.8
  209.5000   23.4
  209.7500   21.8
  210.0000   20.2
  210.2500   19.0
  210.5000   18.1
  210.7500   17.5
  211.0000   16.9
  211.2500   16.2
  211.5000   15.3
  211.7500   14.4
  212.0000   14.1
  212.2500   15.3
  212.5000   17.8
  212.7500   20.9
  213.0000   23.7
  213.2500   25.6
  213.5000   26.7
  213.7500   27.0
  214.0000   26.8
  214.2500   26.1
  214.5000   24.7
  214.7500   22.7
  215.0000   20.6
  215.2500   18.8
  215.5000   17.3
  215.7500   15.9
  216.0000   14.8
  216.2500   14.4
  216.5000   14.8
  216.7500   16.2
  217.0000   18.3
  217.2500   20.8
  217.5000   23.0
  217.7500   24.4
  218.0000   25.0
  218.2500   25.1
  218.5000   24.5
  218.7500   23.4
  219.0000   21.9
  219.2500   20.5
  219.5000   19.1
  219.7500   17.6
  220.0000   16.3
  220.2500   15.6
  220.5000   15.9
  220.7500   16.9
  221.0000   17.7
  221.2500   17.9
  221.5000   17.4
  221.7500   16.7
  222.0000   16.6
  222.2500   18.0
  222.5000   20.8
  222.7500   24.5
  223.0000   28.1
  223.2500   30.9
  223.5000   32.4
  223.7500   32.7
  224.0000   32.3
  224.2500   31.6
  224.5000   31.1
  224.7500   30.5
  225.0000   30.0
  225.2500   29.5
  225.5000   29.1
  225.7500   28.6
  226.0000   28.3
  226.2500   28.6
  226.5000   29.5
  226.7500   30.5
  227.0000   30.9
  227.2500   30.4
  227.5000   29.0
  227.7500   27.1
  228.0000   25.5
  228.2500   24.1
  228.5000   23.0
  228.7500   21.8
  229.0000   20.5
  229.2500   19.2
  229.5000   17.8
  229.7500   16.7
  230.0000   16.2
  230.2500   16.7
  230.5000   17.8
  230.7500   18.9
  231.0000   19.4
  231.2500   19.4
  231.5000   18.8
  231.7500   18.1
  232.0000   17.4
  232.2500   16.5
  232.5000   15.4
  232.7500   14.2
  233.0000   13.2
  233.2500   12.8
  233.5000   12.5
  233.7500   11.8
  234.0000   10.6
  234.2500    9.7
  234.5000    9.5
  234.7500    9.8
  235.0000   10.5
  235.2500   11.5
  235.5000   12.8
  235.7500   14.7
  236.0000   17.0
  236.2500   19.4
  236.5000   21.0
  236.7500   21.4
  237.0000   20.7
  237.2500   19.7
  237.5000   18.8
  237.7500   18.3
  238.0000   18.1
  238.2500   17.9
  238.5000   17.8
  238.7500   17.6
  239.0000   17.4
  239.2500   17.4
  239.5000   17.6
  239.7500   17.9
  240.0000   18.1
  240.2500   18.0
  240.5000   17.5
  240.7500   16.8
  241.0000   15.9
  241.2500   15.0
  241.5000   13.9
  241.7500   12.8
  242.0000   11.7
  242.2500   10.9
  242.5000   10.4
  242.7500   10.1
  243.0000   10.0
  243.2500   10.0
  243.5000   10.2
  243.7500   10.8
  244.0000   12.2
  244.2500   14.4
  244.5000   16.9
  244.7500   19.0
  245.0000   20.5
  245.2500   21.4
  245.5000   21.7
  245.7500   21.6
  246.0000   21.2
  246.2500   20.6
  246.5000   19.6
  246.7500   18.4
  247.0000   17.5
  247.2500   17.3
  247.5000   17.6
  247.7500   18.0
  248.0000   18.4
  248.2500   18.8
  248.5000   19.3
  248.7500   19.9
  249.0000   20.4
  249.2500   20.6
  249.5000   20.3
  249.7500   19.4
  250.0000   18.3
  250.2500   17.3
  250.5000   16.6
  250.7500   16.1
  251.0000   15.5
  251.2500   14.9
  251.5000   14.2
  251.7500   13.2
  252.0000   12.1
  252.2500   11.0
  252.5000    9.8
  252.7500    8.5
  253.0000    7.3
  253.2500    6.2
  253.5000    5.4
  253.7500    5.0
  254.0000    5.2
  254.2500    6.1
  254.5000    7.1
  254.7500    7.8
  255.0000    7.9
  255.2500    7.5
  255.5000    6.9
  255.7500    6.5
  256.0000    6.6
  256.2500    7.3
  256.5000    8.4
  256.7500    9.5
  257.0000   10.5
  257.2500   11.4
  257.5000   12.7
  257.7500   14.6
  258.0000   17.0
  258.2500   19.1
  258.5000   20.0
  258.7500   19.7
  259.0000   18.8
  259.2500   18.1
  259.5000   17.7
  259.7500   17.0
  260.0000   15.7
  260.2500   13.9
  260.5000   11.9
  260.7500    9.9
  261.0000    7.5
  261.2500    4.6
  261.5000    1.2
  261.7500   -1.4
  262.0000   -2.2
  262.2500   -1.1
  262.5000    1.1
  262.7500    3.1
  263.0000    5.0
  263.2500    7.0
  263.5000    9.7
  263.7500   13.0
  264.0000   16.7
  264.2500   20.3
  264.5000   23.2
  264.7500   24.6
  265.0000   23.9
  265.2500   21.5
  265.5000   18.4
  265.7500   15.6
  266.0000   13.8
  266.2500   12.6
  266.5000   11.8
  266.7500   11.1
  267.0000   10.6
  267.2500   10.3
  267.5000   10.1
  267.7500    9.8
  268.0000    9.6
  268.2500    9.9
  268.5000   10.6
  268.7500   11.2
  269.0000   11.5
  269.2500   11.1
  269.5000   10.1
  269.7500    8.7
  270.0000    7.2
  270.2500    5.6
  270.5000    3.9
  270.7500    2.3
  271.0000    1.2
  271.2500     .7
  271.5000    1.1
  271.7500    2.0
  272.0000    3.3
  272.2500    4.6
  272.5000    6.0
  272.7500    8.5
  273.0000   12.8
  273.2500   18.8
  273.5000   24.9
  273.7500   29.2
  274.0000   30.1
  274.2500   27.8
  274.5000   23.4
  274.7500   18.8
  275.0000   15.7
  275.2500   14.2
  275.5000   13.6
  275.7500   12.8
  276.0000   11.3
  276.2500    9.6
  276.5000    8.0
  276.7500    6.6
  277.0000    5.0
  277.2500    2.6
  277.5000    -.6
  277.7500   -3.6
  278.0000   -5.6
  278.2500   -5.8
  278.5000   -4.6
  278.7500   -2.5
  279.0000    -.2
  279.2500    1.9
  279.5000    3.4
  279.7500    3.9
  280.0000    3.5
  280.2500    2.7
  280.5000    2.0
  280.7500    2.4
  281.0000    4.2
  281.2500    7.0
  281.5000    9.8
  281.7500   11.9
  282.0000   13.1
  282.2500   13.5
  282.5000   13.4
  282.7500   13.1
  283.0000   12.5
  283.2500   11.5
  283.5000    9.7
  283.7500    7.0
  284.0000    4.0
  284.2500    1.3
  284.5000    -.7
  284.7500   -1.5
  285.0000   -1.1
  285.2500     .1
  285.5000    1.4
  285.7500    2.7
  286.0000    4.0
  286.2500    5.6
  286.5000    7.5
  286.7500    9.7
  287.0000   11.7
  287.2500   13.2
  287.5000   13.8
  287.7500   14.1
  288.0000   14.3
  288.2500   14.4
  288.5000   13.5
  288.7500   11.6
  289.0000    9.4
  289.2500    7.8
  289.5000    7.0
  289.7500    6.7
  290.0000    6.1
  290.2500    5.1
  290.5000    4.9
  290.7500    6.4
  291.0000    9.7
  291.2500   13.2
  291.5000   14.9
  291.7500   13.9
  292.0000   11.0
  292.2500    7.8
  292.5000    5.3
  292.7500    3.1
  293.0000     .6
  293.2500   -2.6
  293.5000   -5.8
  293.7500   -8.1
  294.0000   -8.9
  294.2500   -8.5
  294.5000   -7.4
  294.7500   -6.2
  295.0000   -5.1
  295.2500   -4.3
  295.5000   -3.5
  295.7500   -2.6
  296.0000   -1.7
  296.2500   -1.0
  296.5000    -.4
  296.7500     .0
  297.0000     .6
  297.2500    1.2
  297.5000    1.9
  297.7500    2.8
  298.0000    3.9
  298.2500    5.0
  298.5000    6.4
  298.7500    7.9
  299.0000    9.6
  299.2500   10.9
  299.5000   11.2
  299.7500   10.7
  300.0000   10.0
  300.2500    9.7
  300.5000   10.2
  300.7500   11.3
  301.0000   12.3
  301.2500   12.4
  301.5000   11.7
  301.7500   10.8
  302.0000   10.4
  302.2500   10.4
  302.5000   10.2
  302.7500    9.1
  303.0000    7.1
  303.2500    4.9
  303.5000    3.5
  303.7500    3.2
  304.0000    3.8
  304.2500    4.3
  304.5000    3.8
  304.7500    2.7
  305.0000    1.6
  305.2500     .6
  305.5000    -.5
  305.7500   -2.1
  306.0000   -3.9
  306.2500   -5.5
  306.5000   -6.7
  306.7500   -7.9
  307.0000   -9.6
  307.2500  -12.0
  307.5000  -14.0
  307.7500  -14.5
  308.0000  -13.2
  308.2500  -10.9
  308.5000   -8.8
  308.7500   -7.6
  309.0000   -7.4
  309.2500   -8.1
  309.5000   -9.3
  309.7500  -10.8
  310.0000  -12.2
  310.2500  -13.4
  310.5000  -13.9
  310.7500  -12.9
  311.0000  -10.2
  311.2500   -6.1
  311.5000   -1.6
  311.7500    2.6
  312.0000    6.0
  312.2500    8.6
  312.5000   10.5
  312.7500   12.0
  313.0000   12.7
  313.2500   12.3
  313.5000   10.9
  313.7500    9.1
  314.0000    7.5
  314.2500    6.0
  314.5000    4.7
  314.7500    3.4
  315.0000    2.4
  315.2500    1.8
  315.5000    1.6
  315.7500    1.8
  316.0000    2.2
  316.2500    2.2
  316.5000    1.4
  316.7500     .2
  317.0000    -.9
  317.2500   -1.1
  317.5000    -.4
  317.7500    1.0
  318.0000    2.4
  318.2500    2.9
  318.5000    2.2
  318.7500    1.1
  319.0000     .6
  319.2500    1.2
  319.5000    3.0
  319.7500    5.4
  320.0000    7.5
  320.2500    8.8
  320.5000    9.2
  320.7500    9.3
  321.0000    9.4
  321.2500    9.7
  321.5000   10.0
  321.7500    9.8
  322.0000    9.0
  322.2500    7.4
  322.5000    5.4
  322.7500    3.5
  323.0000    1.9
  323.2500     .4
  323.5000   -1.1
  323.7500   -2.6
  324.0000   -4.0
  324.2500   -5.1
  324.5000   -5.9
  324.7500   -6.2
  325.0000   -5.9
  325.2500   -5.2
  325.5000   -4.1
  325.7500   -2.9
  326.0000   -2.2
  326.2500   -2.5
  326.5000   -3.8
  326.7500   -5.1
  327.0000   -5.6
  327.2500   -5.3
  327.5000   -4.3
  327.7500   -3.1
  328.0000   -2.1
  328.2500   -1.7
  328.5000   -2.1
  328.7500   -3.1
  329.0000   -4.4
  329.2500   -5.8
  329.5000   -6.9
  329.7500   -7.4
  330.0000   -7.4
  330.2500   -6.6
  330.5000   -5.3
  330.7500   -3.5
  331.0000   -1.7
  331.2500    -.2
  331.5000     .8
  331.7500    1.8
  332.0000    2.9
  332.2500    3.8
  332.5000    4.0
  332.7500    3.6
  333.0000    3.0
  333.2500    2.8
  333.5000    3.3
  333.7500    3.8
  334.0000    3.6
  334.2500    2.6
  334.5000    1.6
  334.7500    1.6
  335.0000    2.7
  335.2500    3.8
  335.5000    3.7
  335.7500    2.1
  336.0000    -.4
  336.2500   -2.8
  336.5000   -4.1
  336.7500   -4.2
  337.0000   -3.5
  337.2500   -2.8
  337.5000   -2.2
  337.7500   -1.2
  338.0000     .3
  338.2500    2.0
  338.5000    3.0
  338.7500    3.0
  339.0000    2.1
  339.2500     .4
  339.5000   -1.4
  339.7500   -2.9
  340.0000   -3.5
  340.2500   -3.0
  340.5000   -1.5
  340.7500     .4
  341.0000    1.7
  341.2500    1.6
  341.5000     .2
  341.7500   -1.8
  342.0000   -4.2
  342.2500   -6.8
  342.5000   -9.4
  342.7500  -11.4
  343.0000  -12.2
  343.2500  -12.2
  343.5000  -11.9
  343.7500  -11.8
  344.0000  -12.2
  344.2500  -13.1
  344.5000  -14.1
  344.7500  -14.6
  345.0000  -14.1
  345.2500  -13.0
  345.5000  -12.2
  345.7500  -12.4
  346.0000  -13.8
  346.2500  -15.8
  346.5000  -17.4
  346.7500  -17.6
  347.0000  -16.7
  347.2500  -15.6
  347.5000  -14.7
  347.7500  -14.0
  348.0000  -13.2
  348.2500  -12.3
  348.5000  -11.7
  348.7500  -11.6
  349.0000  -11.9
  349.2500  -12.3
  349.5000  -12.2
  349.7500  -11.6
  350.0000  -10.6
  350.2500   -9.8
  350.5000   -9.4
  350.7500   -9.5
  351.0000   -9.8
  351.2500  -10.2
  351.5000  -10.3
  351.7500   -9.9
  352.0000   -9.3
  352.2500   -8.8
  352.5000   -8.2
  352.7500   -7.5
  353.0000   -6.5
  353.2500   -5.7
  353.5000   -5.1
  353.7500   -4.5
  354.0000   -4.1
  354.2500   -4.0
  354.5000   -4.3
  354.7500   -4.8
  355.0000   -5.1
  355.2500   -5.2
  355.5000   -4.9
  355.7500   -4.1
  356.0000   -2.6
  356.2500    -.8
  356.5000     .9
  356.7500    2.1
  357.0000    2.0
  357.2500     .1
  357.5000   -3.0
  357.7500   -6.0
  358.0000   -8.0
  358.2500   -8.6
  358.5000   -8.1
  358.7500   -7.3
  359.0000   -6.4
  359.2500   -6.1
  359.5000   -6.0
  359.7500   -5.7
  360.0000   -4.8
  360.2500   -3.5
  360.5000   -2.4
  360.7500   -1.8
  361.0000   -2.1
  361.2500   -3.2
  361.5000   -4.8
  361.7500   -6.6
  362.0000   -8.3
  362.2500  -10.0
  362.5000  -11.1
  362.7500  -11.3
  363.0000  -10.7
  363.2500  -10.2
  363.5000  -10.4
  363.7500  -11.4
  364.0000  -12.4
  364.2500  -12.7
  364.5000  -11.9
  364.7500  -10.6
  365.0000   -9.7
  365.2500   -9.5
  365.5000   -9.7
  365.7500   -9.1
  366.0000   -7.5
  366.2500   -5.5
  366.5000   -3.4
  366.7500   -1.7
  367.0000    -.2
  367.2500    1.0
  367.5000    1.9
  367.7500    2.4
  368.0000    2.2
  368.2500     .9
  368.5000    -.9
  368.7500   -2.6
  369.0000   -3.6
  369.2500   -4.0
  369.5000   -4.2
  369.7500   -4.3
  370.0000   -4.2
  370.2500   -4.0
  370.5000   -3.4
  370.7500   -2.1
  371.0000    -.6
  371.2500     .5
  371.5000     .8
  371.7500     .5
  372.0000    -.2
  372.2500   -1.0
  372.5000   -1.3
  372.7500    -.6
  373.0000     .9
  373.2500    1.8
  373.5000     .7
  373.7500   -2.9
  374.0000   -7.8
  374.2500  -12.3
  374.5000  -14.5
  374.7500  -13.9
  375.0000  -11.5
  375.2500   -8.7
  375.5000   -6.5
  375.7500   -5.4
  376.0000   -5.6
  376.2500   -6.9
  376.5000   -9.1
  376.7500  -11.3
  377.0000  -12.9
  377.2500  -13.5
  377.5000  -13.2
  377.7500  -12.5
  378.0000  -11.9
  378.2500  -12.0
  378.5000  -12.2
  378.7500  -12.0
  379.0000  -10.9
  379.2500   -9.2
  379.5000   -7.5
  379.7500   -6.0
  380.0000   -5.4
  380.2500   -5.7
  380.5000   -6.3
  380.7500   -7.0
  381.0000   -7.7
  381.2500   -8.5
  381.5000   -9.5
  381.7500  -10.2
  382.0000  -10.6
  382.2500  -11.1
  382.5000  -11.7
  382.7500  -12.1
  383.0000  -11.9
  383.2500  -11.2
  383.5000  -10.1
  383.7500   -9.1
  384.0000   -8.8
  384.2500   -9.4
  384.5000  -10.3
  384.7500  -10.9
  385.0000  -10.8
  385.2500  -10.4
  385.5000  -10.2
  385.7500  -10.1
  386.0000  -10.0
  386.2500   -9.5
  386.5000   -8.5
  386.7500   -7.1
  387.0000   -5.9
  387.2500   -5.5
  387.5000   -5.8
  387.7500   -6.3
  388.0000   -7.0
  388.2500   -8.2
  388.5000  -10.1
  388.7500  -12.2
  389.0000  -13.5
  389.2500  -13.2
  389.5000  -10.9
  389.7500   -7.3
  390.0000   -3.6
  390.2500   -1.0
  390.5000     .1
  390.7500     .0
  391.0000    -.8
  391.2500   -1.7
  391.5000   -2.4
  391.7500   -2.7
  392.0000   -2.9
  392.2500   -3.4
  392.5000   -4.2
  392.7500   -4.6
  393.0000   -4.6
  393.2500   -4.4
  393.5000   -4.5
  393.7500   -4.8
  394.0000   -5.5
  394.2500   -6.2
  394.5000   -6.8
  394.7500   -7.1
  395.0000   -7.3
  395.2500   -7.6
  395.5000   -8.0
  395.7500   -8.3
  396.0000   -8.5
  396.2500   -8.8
  396.5000   -9.4
  396.7500  -10.4
  397.0000  -12.0
  397.2500  -13.9
  397.5000  -15.1
  397.7500  -14.4
  398.0000  -11.9
  398.2500   -8.9
  398.5000   -6.8
  398.7500   -6.5
  399.0000   -7.8
  399.2500   -9.7
  399.5000  -10.9
  399.7500  -10.9
  400.0000  -10.3
  400.2500  -10.2
  400.5000  -11.0
  400.7500  -12.5
  401.0000  -14.0
  401.2500  -15.1
  401.5000  -15.6
  401.7500  -15.6
  402.0000  -15.6
  402.2500  -15.7
  402.5000  -15.8
  402.7500  -15.5
  403.0000  -14.5
  403.2500  -13.2
  403.5000  -12.1
  403.7500  -11.4
  404.0000  -11.6
  404.2500  -12.3
  404.5000  -13.2
  404.7500  -13.5
  405.0000  -13.2
  405.2500  -11.9
  405.5000  -10.0
  405.7500   -7.8
  406.0000   -6.2
  406.2500   -5.7
  406.5000   -6.2
  406.7500   -7.2
  407.0000   -8.2
  407.2500   -8.8
  407.5000   -9.3
  407.7500   -9.8
  408.0000  -11.0
  408.2500  -12.7
  408.5000  -14.2
  408.7500  -14.6
  409.0000  -14.4
  409.2500  -14.2
  409.5000  -15.0
  409.7500  -16.7
  410.0000  -18.8
  410.2500  -20.8
  410.5000  -22.1
  410.7500  -22.9
  411.0000  -23.4
  411.2500  -23.9
  411.5000  -24.0
  411.7500  -23.3
  412.0000  -21.6
  412.2500  -19.6
  412.5000  -17.5
  412.7500  -15.5
  413.0000  -13.6
  413.2500  -11.9
  413.5000  -10.3
  413.7500   -8.9
  414.0000   -8.0
  414.2500   -7.9
  414.5000   -8.9
  414.7500  -10.8
  415.0000  -13.4
  415.2500  -16.1
  415.5000  -18.2
  415.7500  -19.3
  416.0000  -19.7
  416.2500  -19.9
  416.5000  -20.4
  416.7500  -21.1
  417.0000  -21.7
  417.2500  -21.8
  417.5000  -21.1
  417.7500  -19.5
  418.0000  -17.7
  418.2500  -16.2
  418.5000  -15.5
  418.7500  -15.3
  419.0000  -15.1
  419.2500  -14.8
  419.5000  -14.4
  419.7500  -14.4
  420.0000  -15.3
  420.2500  -16.8
  420.5000  -17.7
  420.7500  -16.9
  421.0000  -14.4
  421.2500  -11.1
  421.5000   -8.0
  421.7500   -5.9
  422.0000   -5.1
  422.2500   -5.5
  422.5000   -6.6
  422.7500   -8.2
  423.0000   -9.9
  423.2500  -11.4
  423.5000  -12.3
  423.7500  -12.6
  424.0000  -12.5
  424.2500  -12.2
  424.5000  -11.5
  424.7500  -10.2
  425.0000   -8.3
  425.2500   -6.2
  425.5000   -4.4
  425.7500   -3.2
  426.0000   -3.1
  426.2500   -4.6
  426.5000   -7.2
  426.7500  -10.2
  427.0000  -12.4
  427.2500  -13.1
  427.5000  -12.0
  427.7500   -9.7
  428.0000   -7.1
  428.2500   -4.9
  428.5000   -3.7
  428.7500   -3.2
  429.0000   -2.7
  429.2500   -1.7
  429.5000    -.2
  429.7500    1.4
  430.0000    2.1
  430.2500    1.0
  430.5000   -1.7
  430.7500   -5.2
  431.0000   -8.6
  431.2500  -11.3
  431.5000  -13.0
  431.7500  -13.9
  432.0000  -14.0
  432.2500  -13.4
  432.5000  -12.4
  432.7500  -11.1
  433.0000  -10.1
  433.2500   -9.7
  433.5000  -10.0
  433.7500  -10.8
  434.0000  -11.7
  434.2500  -12.3
  434.5000  -12.3
  434.7500  -12.2
  435.0000  -12.4
  435.2500  -13.1
  435.5000  -13.7
  435.7500  -13.8
  436.0000  -13.3
  436.2500  -12.8
  436.5000  -12.9
  436.7500  -13.4
  437.0000  -14.2
  437.2500  -14.6
  437.5000  -14.2
  437.7500  -12.9
  438.0000  -11.1
  438.2500   -9.5
  438.5000   -9.0
  438.7500  -10.4
  439.0000  -13.8
  439.2500  -17.8
  439.5000  -20.1
  439.7500  -18.8
  440.0000  -14.1
  440.2500   -8.3
  440.5000   -3.4
  440.7500    -.8
  441.0000    -.3
  441.2500   -1.2
  441.5000   -2.4
  441.7500   -3.2
  442.0000   -3.3
  442.2500   -2.9
  442.5000   -3.1
  442.7500   -5.0
  443.0000   -9.5
  443.2500  -16.1
  443.5000  -23.1
  443.7500  -28.3
  444.0000  -29.9
  444.2500  -27.1
  444.5000  -21.0
  444.7500  -13.9
  445.0000   -8.7
  445.2500   -6.8
  445.5000   -7.4
  445.7500   -8.5
  446.0000   -8.3
  446.2500   -6.5
  446.5000   -4.4
  446.7500   -3.3
  447.0000   -3.7
  447.2500   -5.1
  447.5000   -6.4
  447.7500   -7.0
  448.0000   -7.0
  448.2500   -6.4
  448.5000   -5.3
  448.7500   -3.7
  449.0000   -1.9
  449.2500    -.3
  449.5000    1.1
  449.7500    2.0
  450.0000    2.4
  450.2500    2.1
  450.5000    1.1
  450.7500    -.5
  451.0000   -2.9
  451.2500   -5.7
  451.5000   -7.9
  451.7500   -9.0
  452.0000   -9.0
  452.2500   -8.4
  452.5000   -8.1
  452.7500   -8.5
  453.0000   -9.5
  453.2500  -10.4
  453.5000  -10.5
  453.7500   -9.9
  454.0000   -9.3
  454.2500   -9.6
  454.5000  -10.6
  454.7500  -11.5
  455.0000  -11.7
  455.2500  -10.8
  455.5000   -8.9
  455.7500   -6.7
  456.0000   -4.6
  456.2500   -2.8
  456.5000   -1.4
  456.7500    -.4
  457.0000    -.3
  457.2500   -1.2
  457.5000   -3.1
  457.7500   -5.4
  458.0000   -7.0
  458.2500   -7.2
  458.5000   -5.8
  458.7500   -3.5
  459.0000   -1.5
  459.2500    -.6
  459.5000    -.5
  459.7500    -.3
  460.0000    1.2
  460.2500    4.2
  460.5000    7.9
  460.7500   10.3
  461.0000    9.9
  461.2500    7.2
  461.5000    3.6
  461.7500     .9
  462.0000    -.7
  462.2500   -1.7
  462.5000   -2.7
  462.7500   -4.2
  463.0000   -5.8
  463.2500   -7.1
  463.5000   -7.7
  463.7500   -7.5
  464.0000   -6.1
  464.2500   -3.2
  464.5000     .7
  464.7500    4.0
  465.0000    4.7
  465.2500    2.2
  465.5000   -2.3
  465.7500   -6.8
  466.0000   -9.7
  466.2500  -10.2
  466.5000   -8.5
  466.7500   -5.1
  467.0000    -.3
  467.2500    5.3
  467.5000   11.1
  467.7500   15.7
  468.0000   17.9
  468.2500   17.2
  468.5000   14.1
  468.7500    9.8
  469.0000    5.5
  469.2500    1.7
  469.5000   -1.3
  469.7500   -3.7
  470.0000   -5.7
  470.2500   -7.6
  470.5000   -9.4
  470.7500  -11.0
  471.0000  -12.1
  471.2500  -12.5
  471.5000  -11.9
  471.7500  -10.6
  472.0000   -9.2
  472.2500   -8.1
  472.5000   -7.9
  472.7500   -8.5
  473.0000   -9.7
  473.2500  -10.5
  473.5000  -10.2
  473.7500   -8.7
  474.0000   -6.7
  474.2500   -5.1
  474.5000   -4.2
  474.7500   -4.2
  475.0000   -4.8
  475.2500   -5.6
  475.5000   -6.4
  475.7500   -7.3
  476.0000   -8.7
  476.2500  -10.1
  476.5000  -10.6
  476.7500   -9.6
  477.0000   -7.1
  477.2500   -3.9
  477.5000    -.9
  477.7500     .6
  478.0000     .2
  478.2500   -1.6
  478.5000   -3.7
  478.7500   -5.4
  479.0000   -6.5
  479.2500   -7.0
  479.5000   -7.4
  479.7500   -8.2
  480.0000   -9.7
  480.2500  -11.5
  480.5000  -12.7
  480.7500  -12.8
  481.0000  -11.8
  481.2500   -9.8
  481.5000   -7.7
  481.7500   -6.1
  482.0000   -5.7
  482.2500   -6.5
  482.5000   -7.9
  482.7500   -9.6
  483.0000  -11.2
  483.2500  -12.4
  483.5000  -13.0
  483.7500  -13.2
  484.0000  -13.0
  484.2500  -12.7
  484.5000  -12.6
  484.7500  -12.9
  485.0000  -13.7
  485.2500  -14.8
  485.5000  -16.0
  485.7500  -17.1
  486.0000  -17.9
  486.2500  -18.2
  486.5000  -18.3
  486.7500  -18.3
  487.0000  -18.3
  487.2500  -18.2
  487.5000  -17.9
  487.7500  -17.1
  488.0000  -15.3
  488.2500  -12.2
  488.5000   -8.1
  488.7500   -4.2
  489.0000   -2.0
  489.2500   -1.7
  489.5000   -2.5
  489.7500   -3.2
  490.0000   -3.1
  490.2500   -2.1
  490.5000    -.9
  490.7500     .0
  491.0000     .4
  491.2500    1.0
  491.5000    1.8
  491.7500    2.1
  492.0000    1.2
  492.2500    -.4
  492.5000   -1.9
  492.7500   -2.9
  493.0000   -3.6
  493.2500   -4.3
  493.5000   -5.1
  493.7500   -6.0
  494.0000   -7.2
  494.2500   -8.4
  494.5000   -9.5
  494.7500  -10.8
  495.0000  -12.1
  495.2500  -13.2
  495.5000  -14.0
  495.7500  -14.6
  496.0000  -15.1
  496.2500  -15.5
  496.5000  -15.8
  496.7500  -15.6
  497.0000  -14.8
  497.2500  -13.4
  497.5000  -12.1
  497.7500  -11.5
  498.0000  -11.9
  498.2500  -12.8
  498.5000  -13.6
  498.7500  -13.9
  499.0000  -13.7
  499.2500  -12.6
  499.5000  -10.8
  499.7500   -8.8
  500.0000   -7.2
  500.2500   -6.0
  500.5000   -5.1
  500.7500   -4.2
  501.0000   -3.3
  501.2500   -2.4
  501.5000   -1.8
  501.7500   -1.8
  502.0000   -2.5
  502.2500   -3.5
  502.5000   -4.2
  502.7500   -4.0
  503.0000   -2.2
  503.2500    1.7
  503.5000    6.9
  503.7500   11.6
  504.0000   14.1
  504.2500   14.1
  504.5000   12.6
  504.7500   10.9
  505.0000    9.4
  505.2500    8.2
  505.5000    6.9
  505.7500    5.0
  506.0000    3.0
  506.2500    1.3
  506.5000     .2
  506.7500    -.8
  507.0000   -1.7
  507.2500   -2.4
  507.5000   -2.3
  507.7500   -1.6
  508.0000    -.5
  508.2500     .7
  508.5000    1.9
  508.7500    2.5
  509.0000    2.4
  509.2500    2.3
  509.5000    3.0
  509.7500    5.1
  510.0000    8.1
  510.2500   11.0
  510.5000   12.9
  510.7500   13.4
  511.0000   12.6
  511.2500   11.3
  511.5000    9.9
  511.7500    8.4
  512.0000    7.0
  512.2500    6.2
  512.5000    6.3
  512.7500    6.9
  513.0000    7.5
  513.2500    7.4
  513.5000    6.6
  513.7500    5.0
  514.0000    3.1
  514.2500    1.5
  514.5000     .1
  514.7500   -1.1
  515.0000   -2.3
  515.2500   -3.3
  515.5000   -4.0
  515.7500   -4.4
  516.0000   -4.0
  516.2500   -2.6
  516.5000    -.3
  516.7500    2.0
  517.0000    3.6
  517.2500    4.5
  517.5000    4.9
  517.7500    5.3
  518.0000    5.9
  518.2500    6.7
  518.5000    7.4
  518.7500    7.4
  519.0000    7.0
  519.2500    6.6
  519.5000    6.7
  519.7500    7.0
  520.0000    7.0
  520.2500    6.9
  520.5000    6.4
  520.7500    5.6
  521.0000    4.2
  521.2500    2.5
  521.5000     .9
  521.7500    -.5
  522.0000   -1.4
  522.2500   -1.6
  522.5000   -1.2
  522.7500    -.4
  523.0000     .5
  523.2500    1.3
  523.5000    2.0
  523.7500    2.2
  524.0000    1.6
  524.2500     .1
  524.5000   -2.2
  524.7500   -4.6
  525.0000   -6.8
  525.2500   -8.1
  525.5000   -8.5
  525.7500   -8.3
  526.0000   -7.8
  526.2500   -7.0
  526.5000   -6.1
  526.7500   -5.3
  527.0000   -4.7
  527.2500   -3.9
  527.5000   -2.7
  527.7500   -1.3
  528.0000     .1
  528.2500    1.3
  528.5000    1.9
  528.7500    2.2
  529.0000    2.3
  529.2500    3.0
  529.5000    4.1
  529.7500    5.3
  530.0000    6.3
  530.2500    6.9
  530.5000    7.2
  530.7500    7.5
  531.0000    7.7
  531.2500    8.0
  531.5000    8.4
  531.7500    8.5
  532.0000    8.2
  532.2500    7.8
  532.5000    7.4
  532.7500    6.9
  533.0000    6.2
  533.2500    5.5
  533.5000    4.8
  533.7500    4.1
  534.0000    3.4
  534.2500    2.9
  534.5000    2.6
  534.7500    2.1
  535.0000    1.2
  535.2500     .1
  535.5000    -.9
  535.7500   -1.8
  536.0000   -2.4
  536.2500   -2.7
  536.5000   -2.8
  536.7500   -3.0
  537.0000   -3.8
  537.2500   -5.1
  537.5000   -6.6
  537.7500   -8.1
  538.0000   -9.3
  538.2500   -9.6
  538.5000   -8.8
  538.7500   -6.9
  539.0000   -3.9
  539.2500     .1
  539.5000    4.6
  539.7500    8.8
  540.0000   11.9
  540.2500   13.5
  540.5000   13.9
  540.7500   13.5
  541.0000   12.8
  541.2500   12.5
  541.5000   12.3
  541.7500   12.1
  542.0000   11.3
  542.2500   10.0
  542.5000    8.3
  542.7500    6.7
  543.0000    5.8
  543.2500    5.7
  543.5000    6.2
  543.7500    6.5
  544.0000    6.5
  544.2500    6.7
  544.5000    7.0
  544.7500    7.3
  545.0000    7.2
  545.2500    6.4
  545.5000    5.2
  545.7500    3.7
  546.0000    2.7
  546.2500    2.8
  546.5000    4.2
  546.7500    5.9
  547.0000    7.3
  547.2500    8.4
  547.5000    9.3
  547.7500   10.1
  548.0000   10.7
  548.2500   10.8
  548.5000   10.2
  548.7500    8.5
  549.0000    6.0
  549.2500    3.4
  549.5000    1.5
  549.7500     .3
  550.0000    -.6
  550.2500   -1.4
  550.5000   -2.4
  550.7500   -3.7
  551.0000   -5.1
  551.2500   -6.2
  551.5000   -6.8
  551.7500   -7.2
  552.0000   -7.3
  552.2500   -7.4
  552.5000   -7.4
  552.7500   -7.5
  553.0000   -7.6
  553.2500   -7.6
  553.5000   -7.4
  553.7500   -7.2
  554.0000   -7.0
  554.2500   -6.4
  554.5000   -5.5
  554.7500   -4.5
  555.0000   -3.5
  555.2500   -2.5
  555.5000   -1.8
  555.7500   -1.5
  556.0000   -1.4
  556.2500   -1.3
  556.5000   -1.3
  556.7500   -1.5
  557.0000   -1.8
  557.2500   -1.9
  557.5000   -1.5
  557.7500    -.7
  558.0000     .2
  558.2500    1.2
  558.5000    1.9
  558.7500    2.2
  559.0000    2.2
  559.2500    2.4
  559.5000    3.0
  559.7500    3.8
  560.0000    4.9
  560.2500    6.6
  560.5000    8.7
  560.7500   10.9
  561.0000   12.9
  561.2500   14.7
  561.5000   16.1
  561.7500   16.9
  562.0000   17.2
  562.2500   17.2
  562.5000   16.9
  562.7500   16.2
  563.0000   15.3
  563.2500   14.6
  563.5000   14.3
  563.7500   13.8
  564.0000   13.0
  564.2500   12.1
  564.5000   11.2
  564.7500   10.6
  565.0000   10.2
  565.2500   10.0
  565.5000    9.9
  565.7500    9.4
  566.0000    8.6
  566.2500    7.8
  566.5000    7.2
  566.7500    6.7
  567.0000    6.3
  567.2500    5.9
  567.5000    5.5
  567.7500    5.5
  568.0000    6.5
  568.2500    8.7
  568.5000   12.0
  568.7500   15.4
  569.0000   18.5
  569.2500   20.8
  569.5000   22.6
  569.7500   23.8
  570.0000   24.4
  570.2500   24.4
  570.5000   23.5
  570.7500   21.6
  571.0000   19.2
  571.2500   16.6
  571.5000   14.1
  571.7500   11.9
  572.0000   10.2
  572.2500    8.8
  572.5000    7.6
  572.7500    6.9
  573.0000    7.4
  573.2500    9.7
  573.5000   13.4
  573.7500   17.0
  574.0000   19.5
  574.2500   20.7
  574.5000   20.9
  574.7500   20.8
  575.0000   20.8
  575.2500   21.1
  575.5000   21.8
  575.7500   22.5
  576.0000   22.9
  576.2500   22.9
  576.5000   22.1
  576.7500   20.4
  577.0000   18.6
  577.2500   17.2
  577.5000   16.6
  577.7500   16.3
  578.0000   16.2
  578.2500   16.1
  578.5000   16.1
  578.7500   16.1
  579.0000   15.7
  579.2500   14.8
  579.5000   14.5
  579.7500   15.7
  580.0000   19.1
  580.2500   23.4
  580.5000   26.1
  580.7500   25.7
  581.0000   22.5
  581.2500   18.6
  581.5000   15.7
  581.7500   14.2
  582.0000   13.4
  582.2500   12.8
  582.5000   12.0
  582.7500   11.3
  583.0000   11.1
  583.2500   11.2
  583.5000   11.2
  583.7500   11.0
  584.0000   11.4
  584.2500   12.8
  584.5000   15.5
  584.7500   18.5
  585.0000   21.0
  585.2500   22.3
  585.5000   22.3
  585.7500   21.5
  586.0000   20.5
  586.2500   19.9
  586.5000   19.5
  586.7500   19.2
  587.0000   18.7
  587.2500   18.4
  587.5000   18.1
  587.7500   17.7
  588.0000   17.6
  588.2500   17.8
  588.5000   18.4
  588.7500   19.0
  589.0000   19.2
  589.2500   19.2
  589.5000   19.1
  589.7500   18.9
  590.0000   18.5
  590.2500   17.7
  590.5000   16.4
  590.7500   14.4
  591.0000   12.4
  591.2500   10.9
  591.5000    9.8
  591.7500    8.7
  592.0000    7.3
  592.2500    5.8
  592.5000    4.8
  592.7500    4.4
  593.0000    4.4
  593.2500    4.5
  593.5000    4.6
  593.7500    4.8
  594.0000    5.5
  594.2500    6.9
  594.5000    8.4
  594.7500    9.7
  595.0000   10.9
  595.2500   12.8
  595.5000   15.5
  595.7500   18.5
  596.0000   20.7
  596.2500   21.2
  596.5000   19.8
  596.7500   17.3
  597.0000   15.0
  597.2500   13.7
  597.5000   13.9
  597.7500   15.4
  598.0000   17.5
  598.2500   19.1
  598.5000   19.5
  598.7500   18.4
  599.0000   16.9
  599.2500   15.8
  599.5000   15.2
  599.7500   14.6
  600.0000   13.5
  600.2500   11.7
  600.5000    9.5
  600.7500    7.7
  601.0000    6.9
  601.2500    7.3
  601.5000    8.5
  601.7500   10.0
  602.0000   11.7
  602.2500   13.6
  602.5000   15.1
  602.7500   15.9
  603.0000   15.8
  603.2500   15.2
  603.5000   14.4
  603.7500   13.7
  604.0000   13.3
  604.2500   13.5
  604.5000   14.1
  604.7500   14.8
  605.0000   15.0
  605.2500   14.7
  605.5000   14.0
  605.7500   13.3
  606.0000   13.1
  606.2500   13.6
  606.5000   14.2
  606.7500   14.6
  607.0000   14.7
  607.2500   14.6
  607.5000   14.6
  607.7500   14.8
  608.0000   14.9
  608.2500   14.8
  608.5000   14.2
  608.7500   12.9
  609.0000   10.9
  609.2500    8.4
  609.5000    5.9
  609.7500    3.8
  610.0000    2.6
  610.2500    2.2
  610.5000    2.1
  610.7500    1.8
  611.0000    1.2
  611.2500     .6
  611.5000     .3
  611.7500     .3
  612.0000     .6
  612.2500    1.0
  612.5000    1.3
  612.7500    1.8
  613.0000    3.1
  613.2500    5.4
  613.5000    8.5
  613.7500   11.5
  614.0000   13.8
  614.2500   15.1
  614.5000   15.6
  614.7500   15.5
  615.0000   15.2
  615.2500   14.8
  615.5000   14.1
  615.7500   13.2
  616.0000   12.4
  616.2500   12.0
  616.5000   11.9
  616.7500   12.1
  617.0000   12.5
  617.2500   13.3
  617.5000   14.6
  617.7500   16.1
  618.0000   17.4
  618.2500   18.3
  618.5000   18.8
  618.7500   19.0
  619.0000   19.0
  619.2500   18.8
  619.5000   18.1
  619.7500   16.7
  620.0000   14.6
  620.2500   12.2
  620.5000    9.9
  620.7500    8.1
  621.0000    7.0
  621.2500    6.9
  621.5000    7.4
  621.7500    8.1
  622.0000    8.7
  622.2500    9.1
  622.5000    9.2
  622.7500    9.2
  623.0000    8.9
  623.2500    8.1
  623.5000    6.6
  623.7500    4.6
  624.0000    2.2
  624.2500     .0
  624.5000   -1.8
  624.7500   -3.2
  625.0000   -3.8
  625.2500   -3.4
  625.5000   -2.3
  625.7500    -.7
  626.0000    1.1
  626.2500    2.7
  626.5000    4.2
  626.7500    5.9
  627.0000    8.4
  627.2500   11.6
  627.5000   14.9
  627.7500   18.0
  628.0000   20.2
  628.2500   21.2
  628.5000   20.8
  628.7500   19.0
  629.0000   16.7
  629.2500   14.5
  629.5000   13.0
  629.7500   12.2
  630.0000   12.5
  630.2500   13.7
  630.5000   15.6
  630.7500   17.9
  631.0000   20.1
  631.2500   21.4
  631.5000   21.1
  631.7500   19.0
  632.0000   16.2
  632.2500   14.4
  632.5000   14.7
  632.7500   16.8
  633.0000   19.3
  633.2500   20.8
  633.5000   20.6
  633.7500   19.2
  634.0000   17.4
  634.2500   15.4
  634.5000   13.2
  634.7500   11.0
  635.0000    9.2
  635.2500    8.2
  635.5000    8.1
  635.7500    8.5
  636.0000    9.1
  636.2500    9.9
  636.5000   10.8
  636.7500   12.1
  637.0000   13.7
  637.2500   15.2
  637.5000   16.3
  637.7500   16.6
  638.0000   16.2
  638.2500   15.1
  638.5000   13.6
  638.7500   12.3
  639.0000   11.7
  639.2500   12.0
  639.5000   12.9
  639.7500   13.6
  640.0000   13.8
  640.2500   13.8
  640.5000   13.8
  640.7500   14.0
  641.0000   13.8
  641.2500   12.7
  641.5000   10.3
  641.7500    7.2
  642.0000    4.7
  642.2500    3.5
  642.5000    3.2
  642.7500    3.5
  643.0000    3.9
  643.2500    4.5
  643.5000    5.3
  643.7500    6.2
  644.0000    7.1
  644.2500    7.7
  644.5000    7.8
  644.7500    7.8
  645.0000    8.2
  645.2500    8.8
  645.5000    9.6
  645.7500   10.1
  646.0000   10.4
  646.2500   10.1
  646.5000    8.9
  646.7500    6.9
  647.0000    4.5
  647.2500    2.5
  647.5000    1.2
  647.7500    1.2
  648.0000    2.3
  648.2500    4.6
  648.5000    7.6
  648.7500   10.7
  649.0000   13.0
  649.2500   14.2
  649.5000   14.0
  649.7500   12.7
  650.0000   10.5
  650.2500    7.9
  650.5000    5.3
  650.7500    3.5
  651.0000    3.1
  651.2500    4.0
  651.5000    5.7
  651.7500    7.3
  652.0000    8.3
  652.2500    8.2
  652.5000    7.5
  652.7500    6.6
  653.0000    6.2
  653.2500    6.4
  653.5000    6.7
  653.7500    6.7
  654.0000    6.0
  654.2500    4.8
  654.5000    3.6
  654.7500    3.0
  655.0000    3.1
  655.2500    3.4
  655.5000    3.4
  655.7500    2.9
  656.0000    2.3
  656.2500    2.1
  656.5000    2.1
  656.7500    2.5
  657.0000    3.2
  657.2500    4.1
  657.5000    4.9
  657.7500    5.5
  658.0000    6.2
  658.2500    7.1
  658.5000    8.1
  658.7500    8.9
  659.0000    9.5
  659.2500    9.4
  659.5000    8.8
  659.7500    8.1
  660.0000    7.3
  660.2500    6.5
  660.5000    5.0
  660.7500    2.0
  661.0000   -2.4
  661.2500   -7.2
  661.5000  -11.0
  661.7500  -12.5
  662.0000  -11.2
  662.2500   -8.0
  662.5000   -4.4
  662.7500   -1.2
  663.0000     .8
  663.2500    1.9
  663.5000    2.5
  663.7500    3.4
  664.0000    5.3
  664.2500    7.8
  664.5000   10.4
  664.7500   12.4
  665.0000   13.5
  665.2500   14.0
  665.5000   14.7
  665.7500   16.6
  666.0000   19.8
  666.2500   23.2
  666.5000   25.5
  666.7500   26.0
  667.0000   25.0
  667.2500   23.4
  667.5000   21.8
  667.7500   20.2
  668.0000   17.9
  668.2500   14.7
  668.5000   11.0
  668.7500    8.0
  669.0000    6.7
  669.2500    7.1
  669.5000    8.3
  669.7500    9.6
  670.0000   10.3
  670.2500   10.3
  670.5000    9.7
  670.7500    9.0
  671.0000    8.2
  671.2500    7.2
  671.5000    6.0
  671.7500    4.9
  672.0000    4.1
  672.2500    3.4
  672.5000    2.5
  672.7500    1.5
  673.0000     .5
  673.2500     .1
  673.5000     .3
  673.7500    1.1
  674.0000    2.2
  674.2500    3.1
  674.5000    3.7
  674.7500    4.0
  675.0000    4.1
  675.2500    4.2
  675.5000    4.1
  675.7500    3.6
  676.0000    2.9
  676.2500    2.3
  676.5000    2.3
  676.7500    3.2
  677.0000    4.7
  677.2500    5.8
  677.5000    5.9
  677.7500    4.7
  678.0000    2.3
  678.2500    -.7
  678.5000   -3.4
  678.7500   -4.8
  679.0000   -4.7
  679.2500   -3.4
  679.5000   -1.4
  679.7500     .8
  680.0000    3.1
  680.2500    5.2
  680.5000    6.9
  680.7500    7.8
  681.0000    7.7
  681.2500    6.5
  681.5000    4.9
  681.7500    3.3
  682.0000    1.8
  682.2500     .0
  682.5000   -2.6
  682.7500   -5.3
  683.0000   -7.0
  683.2500   -6.9
  683.5000   -5.3
  683.7500   -3.1
  684.0000   -1.6
  684.2500   -1.7
  684.5000   -3.3
  684.7500   -5.2
  685.0000   -6.3
  685.2500   -5.9
  685.5000   -4.2
  685.7500   -1.9
  686.0000     .3
  686.2500    1.4
  686.5000    1.5
  686.7500    1.1
  687.0000     .9
  687.2500    1.0
  687.5000    1.2
  687.7500    1.0
  688.0000     .5
  688.2500    -.1
  688.5000    -.8
  688.7500   -1.6
  689.0000   -2.5
  689.2500   -3.7
  689.5000   -4.6
  689.7500   -5.1
  690.0000   -5.0
  690.2500   -4.8
  690.5000   -4.8
  690.7500   -5.1
  691.0000   -5.3
  691.2500   -5.6
  691.5000   -5.6
  691.7500   -5.3
  692.0000   -5.0
  692.2500   -4.8
  692.5000   -4.7
  692.7500   -4.0
  693.0000   -2.1
  693.2500     .9
  693.5000    4.1
  693.7500    7.0
  694.0000    8.9
  694.2500    9.3
  694.5000    8.3
  694.7500    6.4
  695.0000    4.3
  695.2500    2.2
  695.5000     .3
  695.7500   -1.3
  696.0000   -2.7
  696.2500   -3.8
  696.5000   -4.4
  696.7500   -4.4
  697.0000   -4.2
  697.2500   -4.4
  697.5000   -5.1
  697.7500   -6.0
  698.0000   -6.7
  698.2500   -7.3
  698.5000   -7.9
  698.7500   -8.7
  699.0000   -9.7
  699.2500  -10.9
  699.5000  -12.1
  699.7500  -13.6
  700.0000  -15.4
  700.2500  -17.5
  700.5000  -19.5
  700.7500  -20.8
  701.0000  -21.3
  701.2500  -21.8
  701.5000  -22.6
  701.7500  -23.5
  702.0000  -23.9
  702.2500  -23.3
  702.5000  -21.5
  702.7500  -18.7
  703.0000  -15.3
  703.2500  -11.8
  703.5000   -8.6
  703.7500   -6.1
  704.0000   -4.5
  704.2500   -3.8
  704.5000   -3.6
  704.7500   -3.8
  705.0000   -4.3
  705.2500   -5.1
  705.5000   -6.0
  705.7500   -6.5
  706.0000   -6.4
  706.2500   -6.0
  706.5000   -5.4
  706.7500   -4.7
  707.0000   -4.3
  707.2500   -5.0
  707.5000   -6.8
  707.7500   -9.1
  708.0000  -10.6
  708.2500  -10.8
  708.5000   -9.7
  708.7500   -7.9
  709.0000   -6.6
  709.2500   -6.7
  709.5000   -7.9
  709.7500   -9.5
  710.0000  -11.2
  710.2500  -13.0
  710.5000  -14.7
  710.7500  -15.9
  711.0000  -16.2
  711.2500  -15.9
  711.5000  -15.0
  711.7500  -13.6
  712.0000  -11.7
  712.2500   -9.8
  712.5000   -8.4
  712.7500   -7.4
  713.0000   -6.5
  713.2500   -5.8
  713.5000   -5.5
  713.7500   -5.7
  714.0000   -6.3
  714.2500   -7.3
  714.5000   -8.5
  714.7500   -9.6
  715.0000  -10.4
  715.2500  -10.8
  715.5000  -11.0
  715.7500  -11.0
  716.0000  -11.0
  716.2500  -11.5
  716.5000  -12.7
  716.7500  -14.3
  717.0000  -15.8
  717.2500  -17.1
  717.5000  -17.6
  717.7500  -17.2
  718.0000  -16.1
  718.2500  -14.7
  718.5000  -13.4
  718.7500  -12.3
  719.0000  -11.5
  719.2500  -11.1
  719.5000  -10.9
  719.7500  -10.8
  720.0000  -10.8
  720.2500  -11.2
  720.5000  -12.0
  720.7500  -12.9
  721.0000  -13.7
  721.2500  -14.5
  721.5000  -14.8
  721.7500  -14.1
  722.0000  -12.1
  722.2500   -9.1
  722.5000   -5.6
  722.7500   -2.1
  723.0000     .6
  723.2500    1.8
  723.5000    1.4
  723.7500     .2
  724.0000   -1.0
  724.2500   -2.1
  724.5000   -3.1
  724.7500   -4.3
  725.0000   -5.8
  725.2500   -7.5
  725.5000   -8.9
  725.7500   -9.7
  726.0000   -9.8
  726.2500   -9.6
  726.5000   -8.8
  726.7500   -7.4
  727.0000   -5.6
  727.2500   -4.1
  727.5000   -3.6
  727.7500   -3.9
  728.0000   -4.7
  728.2500   -5.4
  728.5000   -5.5
  728.7500   -4.9
  729.0000   -4.0
  729.2500   -3.8
  729.5000   -4.5
  729.7500   -6.0
  730.0000   -7.5
  730.2500   -8.7
  730.5000   -9.6
  730.7500  -10.2
  731.0000  -10.2
  731.2500   -9.2
  731.5000   -6.9
  731.7500   -3.8
  732.0000    -.9
  732.2500    1.0
  732.5000    2.3
  732.7500    3.5
  733.0000    5.0
  733.2500    6.0
  733.5000    6.1
  733.7500    5.1
  734.0000    3.4
  734.2500    1.6
  734.5000     .2
  734.7500    -.3
  735.0000     .4
  735.2500    2.1
  735.5000    4.9
  735.7500    7.8
  736.0000    9.8
  736.2500    9.9
  736.5000    8.5
  736.7500    6.4
  737.0000    4.5
  737.2500    2.5
  737.5000     .4
  737.7500   -1.8
  738.0000   -3.6
  738.2500   -4.7
  738.5000   -5.0
  738.7500   -4.9
  739.0000   -5.1
  739.2500   -6.3
  739.5000   -8.4
  739.7500  -10.3
  740.0000  -11.2
  740.2500  -11.2
  740.5000  -10.8
  740.7500  -10.7
  741.0000  -11.3
  741.2500  -12.4
  741.5000  -13.4
  741.7500  -13.5
  742.0000  -12.4
  742.2500  -10.3
  742.5000   -7.7
  742.7500   -5.0
  743.0000   -2.7
  743.2500   -1.2
  743.5000    -.6
  743.7500    -.5
  744.0000    -.9
  744.2500   -1.6
  744.5000   -2.5
  744.7500   -3.3
  745.0000   -3.8
  745.2500   -4.2
  745.5000   -4.8
  745.7500   -5.6
  746.0000   -6.8
  746.2500   -8.3
  746.5000   -9.6
  746.7500  -10.0
  747.0000   -9.7
  747.2500   -9.1
  747.5000   -8.3
  747.7500   -7.3
  748.0000   -6.1
  748.2500   -4.8
  748.5000   -3.3
  748.7500   -1.7
  749.0000    -.8
  749.2500    -.8
  749.5000   -1.7
  749.7500   -2.9
  750.0000   -4.3
  750.2500   -6.2
  750.5000   -8.6
  750.7500  -11.3
  751.0000  -13.6
  751.2500  -15.3
  751.5000  -16.0
  751.7500  -15.8
  752.0000  -15.1
  752.2500  -14.3
  752.5000  -13.6
  752.7500  -12.6
  753.0000  -11.5
  753.2500  -10.8
  753.5000  -10.5
  753.7500  -10.7
  754.0000  -11.4
  754.2500  -13.0
  754.5000  -15.1
  754.7500  -17.2
  755.0000  -18.8
  755.2500  -19.9
  755.5000  -20.6
  755.7500  -20.8
  756.0000  -20.8
  756.2500  -21.0
  756.5000  -21.9
  756.7500  -23.3
  757.0000  -25.0
  757.2500  -26.3
  757.5000  -26.1
  757.7500  -24.2
  758.0000  -20.8
  758.2500  -17.6
  758.5000  -15.6
  758.7500  -15.1
  759.0000  -15.8
  759.2500  -16.9
  759.5000  -17.8
  759.7500  -18.1
  760.0000  -18.3
  760.2500  -18.9
  760.5000  -20.6
  760.7500  -23.3
  761.0000  -26.3
  761.2500  -28.8
  761.5000  -29.7
  761.7500  -28.5
  762.0000  -25.9
  762.2500  -23.0
  762.5000  -20.7
  762.7500  -18.9
  763.0000  -17.6
  763.2500  -16.4
  763.5000  -15.1
  763.7500  -13.8
  764.0000  -12.9
  764.2500  -12.8
  764.5000  -13.2
  764.7500  -13.9
  765.0000  -14.6
  765.2500  -15.3
  765.5000  -15.7
  765.7500  -15.5
  766.0000  -14.8
  766.2500  -14.0
  766.5000  -13.4
  766.7500  -13.1
  767.0000  -13.2
  767.2500  -13.4
  767.5000  -12.8
  767.7500  -10.6
  768.0000   -7.3
  768.2500   -4.4
  768.5000   -3.0
  768.7500   -3.4
  769.0000   -4.8
  769.2500   -6.1
  769.5000   -6.7
  769.7500   -6.8
  770.0000   -6.7
  770.2500   -6.9
  770.5000   -7.2
  770.7500   -7.4
  771.0000   -7.6
  771.2500   -7.9
  771.5000   -8.4
  771.7500   -8.9
  772.0000   -9.1
  772.2500   -9.3
  772.5000   -9.4
  772.7500   -9.1
  773.0000   -8.5
  773.2500   -7.8
  773.5000   -7.4
  773.7500   -7.5
  774.0000   -8.0
  774.2500   -8.4
  774.5000   -8.0
  774.7500   -6.5
  775.0000   -4.7
  775.2500   -3.6
  775.5000   -3.6
  775.7500   -4.5
  776.0000   -5.9
  776.2500   -7.1
  776.5000   -7.6
  776.7500   -7.3
  777.0000   -6.6
  777.2500   -6.1
  777.5000   -6.1
  777.7500   -6.7
  778.0000   -7.8
  778.2500   -9.3
  778.5000  -10.8
  778.7500  -11.9
  779.0000  -12.4
  779.2500  -12.0
  779.5000  -10.8
  779.7500   -8.7
  780.0000   -6.6
  780.2500   -5.1
  780.5000   -4.5
  780.7500   -4.4
  781.0000   -4.6
  781.2500   -4.9
  781.5000   -5.1
  781.7500   -5.2
  782.0000   -5.6
  782.2500   -6.4
  782.5000   -7.5
  782.7500   -8.5
  783.0000   -9.1
  783.2500   -9.1
  783.5000   -8.6
  783.7500   -7.9
  784.0000   -7.5
  784.2500   -7.6
  784.5000   -8.2
  784.7500   -8.8
  785.0000   -9.3
  785.2500   -9.9
  785.5000  -10.5
  785.7500  -10.7
  786.0000  -10.0
  786.2500   -8.0
  786.5000   -4.9
  786.7500   -1.6
  787.0000     .6
  787.2500     .9
  787.5000    -.4
  787.7500   -2.0
  788.0000   -2.9
  788.2500   -3.0
  788.5000   -2.8
  788.7500   -3.3
  789.0000   -4.9
  789.2500   -7.1
  789.5000   -9.0
  789.7500  -10.0
  790.0000  -10.1
  790.2500   -9.8
  790.5000   -9.5
  790.7500   -9.4
  791.0000   -9.6
  791.2500   -9.9
  791.5000   -9.9
  791.7500   -9.3
  792.0000   -8.3
  792.2500   -7.2
  792.5000   -6.3
  792.7500   -5.8
  793.0000   -5.8
  793.2500   -6.0
  793.5000   -6.0
  793.7500   -5.4
  794.0000   -4.4
  794.2500   -3.4
  794.5000   -2.8
  794.7500   -2.3
  795.0000   -2.0
  795.2500   -1.4
  795.5000    -.8
  795.7500    -.3
  796.0000    -.6
  796.2500   -1.9
  796.5000   -3.8
  796.7500   -5.6
  797.0000   -6.9
  797.2500   -7.8
  797.5000   -8.3
  797.7500   -8.5
  798.0000   -8.6
  798.2500   -8.6
  798.5000   -8.8
  798.7500   -9.4
  799.0000  -10.5
  799.2500  -12.0
  799.5000  -13.7
  799.7500  -15.5
  800.0000  -17.3
  800.2500  -18.7
  800.5000  -19.3
  800.7500  -18.6
  801.0000  -17.2
  801.2500  -15.5
  801.5000  -14.0
  801.7500  -12.6
  802.0000  -11.7
  802.2500  -11.2
  802.5000  -10.9
  802.7500  -10.8
  803.0000  -10.8
  803.2500  -10.8
  803.5000  -10.7
  803.7500  -11.0
  804.0000  -11.7
  804.2500  -12.6
  804.5000  -12.8
  804.7500  -11.6
  805.0000   -9.3
  805.2500   -6.4
  805.5000   -3.8
  805.7500   -2.4
  806.0000   -2.3
  806.2500   -2.8
  806.5000   -2.8
  806.7500   -1.8
  807.0000    -.4
  807.2500     .4
  807.5000     .3
  807.7500    -.1
  808.0000     .1
  808.2500    1.2
  808.5000    2.9
  808.7500    3.5
  809.0000    2.1
  809.2500   -1.4
  809.5000   -5.5
  809.7500   -8.5
  810.0000   -9.8
  810.2500   -9.6
  810.5000   -8.6
  810.7500   -7.5
  811.0000   -7.0
  811.2500   -7.1
  811.5000   -8.0
  811.7500   -9.3
  812.0000  -10.7
  812.2500  -11.5
  812.5000  -11.1
  812.7500   -9.5
  813.0000   -7.0
  813.2500   -4.2
  813.5000   -1.6
  813.7500     .6
  814.0000    1.7
  814.2500    1.3
  814.5000    -.6
  814.7500   -3.4
  815.0000   -5.8
  815.2500   -7.1
  815.5000   -7.1
  815.7500   -6.5
  816.0000   -5.9
  816.2500   -5.2
  816.5000   -4.1
  816.7500   -2.1
  817.0000     .4
  817.2500    3.4
  817.5000    6.5
  817.7500    8.9
  818.0000    9.9
  818.2500    9.1
  818.5000    6.8
  818.7500    3.5
  819.0000    -.1
  819.2500   -3.3
  819.5000   -5.6
  819.7500   -7.0
  820.0000   -7.5
  820.2500   -6.8
  820.5000   -5.3
  820.7500   -3.5
  821.0000   -2.7
  821.2500   -3.2
  821.5000   -4.9
  821.7500   -6.8
  822.0000   -8.3
  822.2500   -9.4
  822.5000  -10.3
  822.7500  -11.5
  823.0000  -12.8
  823.2500  -14.0
  823.5000  -14.8
  823.7500  -15.2
  824.0000  -15.6
  824.2500  -16.0
  824.5000  -16.0
  824.7500  -15.2
  825.0000  -13.8
  825.2500  -11.9
  825.5000  -10.0
  825.7500   -8.5
  826.0000   -7.8
  826.2500   -8.0
  826.5000   -8.8
  826.7500   -9.8
  827.0000  -10.1
  827.2500   -9.5
  827.5000   -8.4
  827.7500   -7.6
  828.0000   -7.9
  828.2500   -9.2
  828.5000  -10.7
  828.7500  -11.9
  829.0000  -12.6
  829.2500  -12.9
  829.5000  -13.0
  829.7500  -12.8
  830.0000  -11.9
  830.2500  -10.0
  830.5000   -7.6
  830.7500   -6.1
  831.0000   -6.5
  831.2500   -8.3
  831.5000   -9.8
  831.7500   -9.7
  832.0000   -7.7
  832.2500   -4.5
  832.5000   -1.2
  832.7500    1.2
  833.0000    2.5
  833.2500    2.9
  833.5000    2.7
  833.7500    1.8
  834.0000     .0
  834.2500   -2.4
  834.5000   -4.8
  834.7500   -6.3
  835.0000   -6.7
  835.2500   -6.3
  835.5000   -6.2
  835.7500   -7.3
  836.0000  -10.0
  836.2500  -13.2
  836.5000  -15.5
  836.7500  -16.2
  837.0000  -15.5
  837.2500  -14.0
  837.5000  -12.3
  837.7500  -11.0
  838.0000  -10.3
  838.2500  -10.0
  838.5000   -9.9
  838.7500   -9.9
  839.0000   -9.9
  839.2500   -9.8
  839.5000   -9.4
  839.7500   -8.7
  840.0000   -8.3
  840.2500   -8.4
  840.5000   -9.2
  840.7500  -10.5
  841.0000  -11.6
  841.2500  -11.8
  841.5000  -10.6
  841.7500   -8.6
  842.0000   -6.1
  842.2500   -3.6
  842.5000   -1.2
  842.7500    1.3
  843.0000    4.0
  843.2500    6.9
  843.5000    9.6
  843.7500   11.6
  844.0000   12.3
  844.2500   11.8
  844.5000   10.6
  844.7500    8.9
  845.0000    7.1
  845.2500    5.7
  845.5000    4.8
  845.7500    4.3
  846.0000    4.0
  846.2500    4.4
  846.5000    5.3
  846.7500    6.5
  847.0000    7.1
  847.2500    7.1
  847.5000    6.5
  847.7500    5.5
  848.0000    4.2
  848.2500    2.6
  848.5000     .8
  848.7500   -1.1
  849.0000   -3.1
  849.2500   -4.5
  849.5000   -5.2
  849.7500   -5.1
  850.0000   -4.8
  850.2500   -4.4
  850.5000   -3.8
  850.7500   -3.1
  851.0000   -2.7
  851.2500   -2.6
  851.5000   -2.7
  851.7500   -2.8
  852.0000   -2.5
  852.2500   -1.9
  852.5000   -1.4
  852.7500   -1.5
  853.0000   -2.2
  853.2500   -3.1
  853.5000   -3.8
  853.7500   -4.2
  854.0000   -4.3
  854.2500   -4.3
  854.5000   -4.1
  854.7500   -3.7
  855.0000   -3.2
  855.2500   -2.3
  855.5000   -1.2
  855.7500    -.3
  856.0000     .0
  856.2500    -.4
  856.5000   -1.4
  856.7500   -2.6
  857.0000   -3.5
  857.2500   -3.5
  857.5000   -2.6
  857.7500   -1.5
  858.0000    -.8
  858.2500    -.6
  858.5000    -.6
  858.7500    -.6
  859.0000    -.6
  859.2500    -.7
  859.5000   -1.3
  859.7500   -2.5
  860.0000   -3.7
  860.2500   -4.1
  860.5000   -3.3
  860.7500   -1.7
  861.0000     .2
  861.2500    2.0
  861.5000    3.9
  861.7500    5.8
  862.0000    7.5
  862.2500    9.0
  862.5000    9.7
  862.7500    9.7
  863.0000    8.8
  863.2500    7.8
  863.5000    6.8
  863.7500    5.6
  864.0000    3.6
  864.2500     .9
  864.5000   -2.1
  864.7500   -5.0
  865.0000   -7.2
  865.2500   -8.6
  865.5000   -8.9
  865.7500   -8.6
  866.0000   -8.0
  866.2500   -7.2
  866.5000   -6.5
  866.7500   -6.1
  867.0000   -6.0
  867.2500   -5.8
  867.5000   -5.4
  867.7500   -4.7
  868.0000   -4.1
  868.2500   -3.6
  868.5000   -3.2
  868.7500   -2.9
  869.0000   -2.3
  869.2500   -1.3
  869.5000     .0
  869.7500    1.3
  870.0000    2.3
  870.2500    3.3
  870.5000    4.1
  870.7500    4.8
  871.0000    5.2
  871.2500    5.5
  871.5000    5.6
  871.7500    5.2
  872.0000    4.4
  872.2500    3.2
  872.5000    2.0
  872.7500     .8
  873.0000     .0
  873.2500    -.1
  873.5000     .4
  873.7500    1.1
  874.0000    1.3
  874.2500    1.1
  874.5000     .7
  874.7500     .1
  875.0000    -.5
  875.2500    -.9
  875.5000   -1.3
  875.7500   -2.1
  876.0000   -3.4
  876.2500   -4.6
  876.5000   -5.2
  876.7500   -5.2
  877.0000   -4.9
  877.2500   -3.8
  877.5000   -1.7
  877.7500    1.3
  878.0000    4.5
  878.2500    7.2
  878.5000    8.9
  878.7500    9.5
  879.0000    8.9
  879.2500    7.6
  879.5000    5.6
  879.7500    2.9
  880.0000     .1
  880.2500   -2.0
  880.5000   -3.0
  880.7500   -2.8
  881.0000   -1.9
  881.2500    -.7
  881.5000     .3
  881.7500     .4
  882.0000    -.1
  882.2500    -.9
  882.5000   -1.4
  882.7500   -1.6
  883.0000   -1.6
  883.2500   -1.7
  883.5000   -2.4
  883.7500   -3.9
  884.0000   -5.9
  884.2500   -7.5
  884.5000   -8.2
  884.7500   -8.0
  885.0000   -7.1
  885.2500   -5.8
  885.5000   -4.1
  885.7500   -2.4
  886.0000   -1.0
  886.2500     .3
  886.5000    1.2
  886.7500    1.5
  887.0000    1.5
  887.2500    1.5
  887.5000    2.1
  887.7500    3.0
  888.0000    4.1
  888.2500    5.5
  888.5000    6.8
  888.7500    7.9
  889.0000    8.6
  889.2500    9.4
  889.5000   10.4
  889.7500   11.4
  890.0000   11.8
  890.2500   11.2
  890.5000    9.5
  890.7500    7.1
  891.0000    4.6
  891.2500    2.8
  891.5000    1.6
  891.7500     .4
  892.0000   -1.4
  892.2500   -3.3
  892.5000   -4.9
  892.7500   -6.1
  893.0000   -7.0
  893.2500   -7.7
  893.5000   -8.5
  893.7500   -9.2
  894.0000   -9.8
  894.2500   -9.5
  894.5000   -8.1
  894.7500   -5.6
  895.0000   -2.7
  895.2500     .3
  895.5000    3.0
  895.7500    5.2
  896.0000    6.8
  896.2500    7.9
  896.5000    8.5
  896.7500    8.5
  897.0000    8.0
  897.2500    7.4
  897.5000    6.8
  897.7500    6.3
  898.0000    5.9
  898.2500    5.6
  898.5000    5.0
  898.7500    3.7
  899.0000    1.7
  899.2500    -.2
  899.5000   -1.5
  899.7500   -1.8
  900.0000   -1.3
  900.2500     .0
  900.5000    1.4
  900.7500    2.5
  901.0000    3.3
  901.2500    4.1
  901.5000    4.8
  901.7500    5.1
  902.0000    5.0
  902.2500    4.5
  902.5000    3.9
  902.7500    3.2
  903.0000    2.3
  903.2500    1.6
  903.5000    1.3
  903.7500    1.3
  904.0000    1.2
  904.2500    1.2
  904.5000    1.3
  904.7500    1.4
  905.0000    1.4
  905.2500    1.4
  905.5000    1.4
  905.7500    1.2
  906.0000     .7
  906.2500     .1
  906.5000    -.2
  906.7500    -.5
  907.0000    -.7
  907.2500   -1.2
  907.5000   -1.9
  907.7500   -2.6
  908.0000   -3.0
  908.2500   -2.4
  908.5000   -1.0
  908.7500     .6
  909.0000    1.9
  909.2500    2.8
  909.5000    3.2
  909.7500    3.2
  910.0000    2.9
  910.2500    2.5
  910.5000    2.0
  910.7500    1.5
  911.0000    1.6
  911.2500    2.5
  911.5000    4.0
  911.7500    5.3
  912.0000    5.9
  912.2500    6.1
  912.5000    6.3
  912.7500    6.5
  913.0000    6.6
  913.2500    6.3
  913.5000    5.5
  913.7500    4.4
  914.0000    3.6
  914.2500    3.3
  914.5000    3.6
  914.7500    3.8
  915.0000    3.6
  915.2500    3.3
  915.5000    3.0
  915.7500    2.8
  916.0000    2.5
  916.2500    2.1
  916.5000    1.6
  916.7500    1.0
  917.0000     .7
  917.2500    1.0
  917.5000    2.0
  917.7500    3.4
  918.0000    4.7
  918.2500    5.4
  918.5000    5.5
  918.7500    4.7
  919.0000    3.4
  919.2500    2.4
  919.5000    2.2
  919.7500    2.6
  920.0000    3.4
  920.2500    4.3
  920.5000    5.3
  920.7500    5.8
  921.0000    5.7
  921.2500    5.1
  921.5000    4.0
  921.7500    2.4
  922.0000     .7
  922.2500    -.2
  922.5000    -.1
  922.7500    1.3
  923.0000    3.3
  923.2500    5.6
  923.5000    7.8
  923.7500    9.5
  924.0000   10.9
  924.2500   12.2
  924.5000   13.5
  924.7500   14.6
  925.0000   15.5
  925.2500   15.7
  925.5000   15.2
  925.7500   14.1
  926.0000   13.0
  926.2500   12.7
  926.5000   12.8
  926.7500   12.7
  927.0000   11.9
  927.2500   10.6
  927.5000    9.2
  927.7500    8.0
  928.0000    7.1
  928.2500    6.7
  928.5000    6.1
  928.7500    5.0
  929.0000    3.7
  929.2500    2.7
  929.5000    2.7
  929.7500    3.6
  930.0000    5.1
  930.2500    6.7
  930.5000    7.8
  930.7500    7.9
  931.0000    7.2
  931.2500    6.2
  931.5000    5.5
  931.7500    5.1
  932.0000    4.6
  932.2500    4.2
  932.5000    4.1
  932.7500    4.3
  933.0000    5.0
  933.2500    6.4
  933.5000    8.5
  933.7500   10.8
  934.0000   12.9
  934.2500   14.8
  934.5000   16.2
  934.7500   17.1
  935.0000   17.7
  935.2500   18.4
  935.5000   19.1
  935.7500   19.5
  936.0000   19.0
  936.2500   17.7
  936.5000   15.9
  936.7500   13.9
  937.0000   12.5
  937.2500   11.9
  937.5000   11.9
  937.7500   11.8
  938.0000   11.3
  938.2500   10.3
  938.5000    9.0
  938.7500    7.5
  939.0000    6.3
  939.2500    5.6
  939.5000    5.3
  939.7500    4.8
  940.0000    4.5
  940.2500    4.7
  940.5000    5.7
  940.7500    7.7
  941.0000   10.2
  941.2500   12.7
  941.5000   14.2
  941.7500   14.5
  942.0000   14.2
  942.2500   14.3
  942.5000   15.4
  942.7500   17.2
  943.0000   18.7
  943.2500   19.1
  943.5000   17.8
  943.7500   15.3
  944.0000   12.3
  944.2500    9.7
  944.5000    7.5
  944.7500    5.4
  945.0000    3.2
  945.2500    1.5
  945.5000     .5
  945.7500     .3
  946.0000     .6
  946.2500    1.0
  946.5000    1.1
  946.7500     .6
  947.0000     .0
  947.2500    -.4
  947.5000    -.5
  947.7500    -.7
  948.0000   -1.2
  948.2500   -1.7
  948.5000   -2.1
  948.7500   -2.2
  949.0000   -1.9
  949.2500   -1.5
  949.5000   -1.2
  949.7500   -1.2
  950.0000   -1.6
  950.2500   -1.8
  950.5000   -1.5
  950.7500   -1.0
  951.0000    -.3
  951.2500     .3
  951.5000     .6
  951.7500     .7
  952.0000     .7
  952.2500    1.0
  952.5000    1.5
  952.7500    2.1
  953.0000    2.6
  953.2500    2.8
  953.5000    3.0
  953.7500    3.5
  954.0000    4.5
  954.2500    5.8
  954.5000    6.9
  954.7500    6.9
  955.0000    6.0
  955.2500    4.9
  955.5000    3.9
  955.7500    3.1
  956.0000    2.7
  956.2500    2.6
  956.5000    2.9
  956.7500    3.5
  957.0000    4.4
  957.2500    5.5
  957.5000    6.6
  957.7500    7.3
  958.0000    7.6
  958.2500    7.8
  958.5000    7.9
  958.7500    7.9
  959.0000    8.0
  959.2500    8.2
  959.5000    8.3
  959.7500    7.9
  960.0000    7.0
  960.2500    5.9
  960.5000    5.1
  960.7500    4.5
  961.0000    4.0
  961.2500    3.9
  961.5000    4.0
  961.7500    4.1
  962.0000    4.3
  962.2500    4.9
  962.5000    6.4
  962.7500    9.0
  963.0000   12.7
  963.2500   17.0
  963.5000   20.7
  963.7500   23.1
  964.0000   23.8
  964.2500   23.0
  964.5000   21.2
  964.7500   18.8
  965.0000   16.3
  965.2500   14.1
  965.5000   12.3
  965.7500   10.7
  966.0000    9.2
  966.2500    7.7
  966.5000    6.4
  966.7500    5.7
  967.0000    6.0
  967.2500    7.5
  967.5000    9.5
  967.7500   11.4
  968.0000   12.7
  968.2500   13.6
  968.5000   14.2
  968.7500   14.9
  969.0000   16.1
  969.2500   17.6
  969.5000   18.5
  969.7500   18.2
  970.0000   16.8
  970.2500   14.8
  970.5000   12.9
  970.7500   11.3
  971.0000   10.3
  971.2500    9.8
  971.5000    9.5
  971.7500    9.1
  972.0000    8.5
  972.2500    8.0
  972.5000    7.8
  972.7500    7.7
  973.0000    7.4
  973.2500    7.1
  973.5000    7.4
  973.7500    9.5
  974.0000   14.1
  974.2500   20.0
  974.5000   24.6
  974.7500   26.0
  975.0000   24.4
  975.2500   22.2
  975.5000   21.7
  975.7500   22.9
  976.0000   24.0
  976.2500   23.5
  976.5000   21.2
  976.7500   18.5
  977.0000   16.6
  977.2500   15.8
  977.5000   15.2
  977.7500   14.0
  978.0000   12.2
  978.2500   10.3
  978.5000    8.9
  978.7500    8.3
  979.0000    8.4
  979.2500    9.1
  979.5000    9.9
  979.7500   10.7
  980.0000   11.4
  980.2500   11.9
  980.5000   12.5
  980.7500   13.1
  981.0000   13.5
  981.2500   13.1
  981.5000   11.5
  981.7500    8.8
  982.0000    5.8
  982.2500    3.5
  982.5000    2.2
  982.7500    1.6
  983.0000    1.5
  983.2500    1.4
  983.5000    1.3
  983.7500    1.1
  984.0000    1.3
  984.2500    1.8
  984.5000    2.1
  984.7500    1.7
  985.0000     .3
  985.2500   -1.7
  985.5000   -3.9
  985.7500   -5.6
  986.0000   -6.4
  986.2500   -6.1
  986.5000   -5.3
  986.7500   -4.7
  987.0000   -4.6
  987.2500   -4.7
  987.5000   -4.5
  987.7500   -3.8
  988.0000   -2.5
  988.2500    -.6
  988.5000    1.7
  988.7500    4.5
  989.0000    8.2
  989.2500   13.8
  989.5000   21.8
  989.7500   31.2
  990.0000   40.2
  990.2500   46.0
  990.5000   47.6
  990.7500   45.5
  991.0000   41.5
  991.2500   37.6
  991.5000   33.9
  991.7500   30.3
  992.0000   26.1
  992.2500   21.6
  992.5000   17.1
  992.7500   13.3
  993.0000   10.7
  993.2500    9.5
  993.5000    9.5
  993.7500    9.9
  994.0000   10.0
  994.2500    9.1
  994.5000    7.2
  994.7500    5.1
  995.0000    3.9
  995.2500    3.9
  995.5000    4.9
  995.7500    6.3
  996.0000    7.7
  996.2500    9.3
  996.5000   10.9
  996.7500   12.5
  997.0000   13.9
  997.2500   15.1
  997.5000   15.8
  997.7500   16.2
  998.0000   16.4
  998.2500   16.4
  998.5000   16.2
  998.7500   15.8
  999.0000   15.3
  999.2500   14.4
  999.5000   12.8
  999.7500   10.6
 1000.0000    8.2
 1000.2500    6.1
 1000.5000    4.8
 1000.7500    4.2
 1001.0000    4.3
 1001.2500    5.1
 1001.5000    6.2
 1001.7500    7.4
 1002.0000    8.3
 1002.2500    8.7
 1002.5000    8.6
 1002.7500    8.2
 1003.0000    8.2
 1003.2500    8.8
 1003.5000   10.2
 1003.7500   11.7
 1004.0000   12.5
 1004.2500   12.0
 1004.5000   10.1
 1004.7500    7.8
 1005.0000    5.9
 1005.2500    5.1
 1005.5000    5.4
 1005.7500    6.2
 1006.0000    7.0
 1006.2500    7.5
 1006.5000    7.8
 1006.7500    8.2
 1007.0000    8.8
 1007.2500    9.5
 1007.5000   10.2
 1007.7500   10.5
 1008.0000   10.1
 1008.2500    8.8
 1008.5000    6.7
 1008.7500    4.3
 1009.0000    2.5
 1009.2500    1.7
 1009.5000    1.6
 1009.7500    1.9
 1010.0000    2.2
 1010.2500    2.0
 1010.5000    1.4
 1010.7500     .5
 1011.0000    -.1
 1011.2500     .0
 1011.5000    1.1
 1011.7500    3.1
 1012.0000    5.6
 1012.2500    7.6
 1012.5000    8.3
 1012.7500    7.9
 1013.0000    7.0
 1013.2500    6.4
 1013.5000    6.3
 1013.7500    6.7
 1014.0000    7.5
 1014.2500    8.4
 1014.5000    8.8
 1014.7500    8.5
 1015.0000    7.6
 1015.2500    6.8
 1015.5000    6.5
 1015.7500    6.4
 1016.0000    6.1
 1016.2500    5.0
 1016.5000    3.1
 1016.7500    1.4
 1017.0000     .6
 1017.2500     .9
 1017.5000    1.7
 1017.7500    2.2
 1018.0000    1.6
 1018.2500    -.1
 1018.5000   -2.5
 1018.7500   -4.5
 1019.0000   -5.7
 1019.2500   -6.6
 1019.5000   -7.7
 1019.7500   -9.3
 1020.0000  -11.0
 1020.2500  -11.9
 1020.5000  -11.8
 1020.7500  -10.6
 1021.0000   -8.8
 1021.2500   -7.2
 1021.5000   -6.3
 1021.7500   -6.6
 1022.0000   -8.1
 1022.2500  -10.6
 1022.5000  -13.2
 1022.7500  -14.6
 1023.0000  -13.9
 1023.2500  -11.4
 1023.5000   -7.9
 1023.7500   -4.7
 1024.0000   -2.2
 1024.2500   -1.0
 1024.5000   -1.1
 1024.7500   -2.2
 1025.0000   -3.5
 1025.2500   -4.7
 1025.5000   -5.6
 1025.7500   -6.4
 1026.0000   -7.2
 1026.2500   -8.1
 1026.5000   -8.8
 1026.7500   -8.9
 1027.0000   -8.2
 1027.2500   -6.9
 1027.5000   -5.8
 1027.7500   -5.2
 1028.0000   -5.1
 1028.2500   -5.1
 1028.5000   -4.5
 1028.7500   -3.4
 1029.0000   -2.1
 1029.2500   -1.3
 1029.5000   -1.7
 1029.7500   -3.2
 1030.0000   -5.5
 1030.2500   -8.1
 1030.5000  -11.0
 1030.7500  -14.0
 1031.0000  -17.0
 1031.2500  -19.4
 1031.5000  -20.5
 1031.7500  -19.9
 1032.0000  -17.8
 1032.2500  -14.7
 1032.5000  -11.1
 1032.7500   -7.2
 1033.0000   -3.3
 1033.2500     .2
 1033.5000    2.8
 1033.7500    4.1
 1034.0000    4.2
 1034.2500    3.2
 1034.5000    1.7
 1034.7500     .2
 1035.0000    -.9
 1035.2500   -1.7
 1035.5000   -2.5
 1035.7500   -3.5
 1036.0000   -4.5
 1036.2500   -5.7
 1036.5000   -6.7
 1036.7500   -7.1
 1037.0000   -6.8
 1037.2500   -6.3
 1037.5000   -6.2
 1037.7500   -6.7
 1038.0000   -7.3
 1038.2500   -7.5
 1038.5000   -6.9
 1038.7500   -5.4
 1039.0000   -3.7
 1039.2500   -2.6
 1039.5000   -2.5
 1039.7500   -3.0
 1040.0000   -3.2
 1040.2500   -2.9
 1040.5000   -2.1
 1040.7500   -1.3
 1041.0000    -.9
 1041.2500   -1.5
 1041.5000   -3.2
 1041.7500   -5.4
 1042.0000   -7.5
 1042.2500   -8.6
 1042.5000   -8.8
 1042.7500   -8.5
 1043.0000   -8.7
 1043.2500  -10.0
 1043.5000  -12.3
 1043.7500  -14.3
 1044.0000  -14.8
 1044.2500  -13.4
 1044.5000  -10.9
 1044.7500   -8.4
 1045.0000   -7.2
 1045.2500   -7.2
 1045.5000   -7.7
 1045.7500   -7.8
 1046.0000   -7.4
 1046.2500   -7.0
 1046.5000   -7.0
 1046.7500   -7.6
 1047.0000   -8.4
 1047.2500   -8.9
 1047.5000   -9.0
 1047.7500   -8.7
 1048.0000   -8.8
 1048.2500  -10.0
 1048.5000  -12.0
 1048.7500  -14.0
 1049.0000  -15.3
 1049.2500  -15.9
 1049.5000  -15.9
 1049.7500  -15.6
 1050.0000  -15.5
 1050.2500  -16.1
 1050.5000  -17.7
 1050.7500  -19.7
 1051.0000  -21.2
 1051.2500  -21.2
 1051.5000  -19.8
 1051.7500  -17.2
 1052.0000  -14.5
 1052.2500  -12.3
 1052.5000  -10.7
 1052.7500   -9.3
 1053.0000   -7.9
 1053.2500   -6.8
 1053.5000   -6.8
 1053.7500   -7.6
 1054.0000   -8.5
 1054.2500   -8.7
 1054.5000   -7.6
 1054.7500   -5.4
 1055.0000   -2.9
 1055.2500   -1.3
 1055.5000   -1.0
 1055.7500   -1.8
 1056.0000   -3.2
 1056.2500   -4.9
 1056.5000   -6.6
 1056.7500   -8.1
 1057.0000   -9.5
 1057.2500  -11.4
 1057.5000  -13.8
 1057.7500  -15.8
 1058.0000  -16.6
 1058.2500  -15.6
 1058.5000  -13.4
 1058.7500  -10.7
 1059.0000   -8.8
 1059.2500   -8.1
 1059.5000   -8.5
 1059.7500   -9.5
 1060.0000  -10.3
 1060.2500  -10.4
 1060.5000   -9.2
 1060.7500   -6.6
 1061.0000   -3.5
 1061.2500   -1.2
 1061.5000    -.4
 1061.7500    -.8
 1062.0000   -1.6
 1062.2500   -2.4
 1062.5000   -3.0
 1062.7500   -3.4
 1063.0000   -3.7
 1063.2500   -4.3
 1063.5000   -5.0
 1063.7500   -5.8
 1064.0000   -6.4
 1064.2500   -6.5
 1064.5000   -6.0
 1064.7500   -5.2
 1065.0000   -4.7
 1065.2500   -5.4
 1065.5000   -7.1
 1065.7500   -8.7
 1066.0000   -9.5
 1066.2500   -9.6
 1066.5000   -9.5
 1066.7500   -9.5
 1067.0000   -9.6
 1067.2500   -9.2
 1067.5000   -8.0
 1067.7500   -6.3
 1068.0000   -4.7
 1068.2500   -4.3
 1068.5000   -5.1
 1068.7500   -6.6
 1069.0000   -7.7
 1069.2500   -8.1
 1069.5000   -7.5
 1069.7500   -6.2
 1070.0000   -4.7
 1070.2500   -3.7
 1070.5000   -3.9
 1070.7500   -5.1
 1071.0000   -6.8
 1071.2500   -8.3
 1071.5000   -9.0
 1071.7500   -8.9
 1072.0000   -8.4
 1072.2500   -8.0
 1072.5000   -7.8
 1072.7500   -7.9
 1073.0000   -7.9
 1073.2500   -7.8
 1073.5000   -7.5
 1073.7500   -6.8
 1074.0000   -6.0
 1074.2500   -5.4
 1074.5000   -4.7
 1074.7500   -3.9
 1075.0000   -3.3
 1075.2500   -3.8
 1075.5000   -5.7
 1075.7500   -8.0
 1076.0000  -10.1
 1076.2500  -11.7
 1076.5000  -12.8
 1076.7500  -13.5
 1077.0000  -13.7
 1077.2500  -13.1
 1077.5000  -11.7
 1077.7500   -9.9
 1078.0000   -8.4
 1078.2500   -8.4
 1078.5000   -9.6
 1078.7500  -10.7
 1079.0000  -10.7
 1079.2500   -9.3
 1079.5000   -7.2
 1079.7500   -5.5
 1080.0000   -5.0
 1080.2500   -5.7
 1080.5000   -6.8
 1080.7500   -7.5
 1081.0000   -7.6
 1081.2500   -8.0
 1081.5000   -9.3
 1081.7500  -11.3
 1082.0000  -13.4
 1082.2500  -14.9
 1082.5000  -15.3
 1082.7500  -14.6
 1083.0000  -13.3
 1083.2500  -12.3
 1083.5000  -11.8
 1083.7500  -11.2
 1084.0000   -9.6
 1084.2500   -7.3
 1084.5000   -5.1
 1084.7500   -4.2
 1085.0000   -5.3
 1085.2500   -7.9
 1085.5000  -10.9
 1085.7500  -12.3
 1086.0000  -11.7
 1086.2500   -9.5
 1086.5000   -7.1
 1086.7500   -5.3
 1087.0000   -3.8
 1087.2500   -2.4
 1087.5000    -.7
 1087.7500     .7
 1088.0000     .8
 1088.2500    -.5
 1088.5000   -2.0
 1088.7500   -2.0
 1089.0000    -.1
 1089.2500    2.5
 1089.5000    4.0
 1089.7500    3.5
 1090.0000    1.0
 1090.2500   -3.0
 1090.5000   -7.4
 1090.7500  -11.1
 1091.0000  -13.5
 1091.2500  -14.0
 1091.5000  -12.6
 1091.7500   -9.8
 1092.0000   -6.9
 1092.2500   -5.4
 1092.5000   -5.5
 1092.7500   -6.6
 1093.0000   -7.5
 1093.2500   -7.9
 1093.5000   -8.0
